0 0 0.967592591796875 0.011458333984375 0.9731481484375 0.079166666015625 0.89537037109375 0.089583333984375 0.865740740234375 0.089583333984375 0.856481482421875 0.08125 0.8194444453125 0.067708333984375 0.790740740234375 0.053125 0.787962962890625 0.0140625 0.808333333984375 0 0.8231481484375 0 0.967592591796875
2 0.740625 0.57037037109375 0.806770833984375 0.62962962890625 0.8125 0.62962962890625 0.820833333984375 0.62037037109375 0.823958333984375 0.6055555546875 0.833333333984375 0.5481481484375 0.835600521484375 0.526021296875 0.830836458984375 0.517635185546875 0.816295833984375 0.5033018515625 0.7546875 0.487037037109375 0.736458333984375 0.4944444453125 0.7265625 0.52222222265625 0.727083333984375 0.5444444453125 0.740625 0.57037037109375
2 0.838541666015625 0.6231481484375 0.846354166015625 0.6018518515625 0.8515625 0.571296296875 0.849479166015625 0.5518518515625 0.8453125 0.539814814453125 0.841145833984375 0.54537037109375 0.836458333984375 0.6 0.835416666015625 0.616666666015625 0.838541666015625 0.6231481484375
2 0.755208333984375 0.487037037109375 0.766145833984375 0.49537037109375 0.815104166015625 0.503703703125 0.8390625 0.47407407421875 0.8390625 0.459259259765625 0.8109375 0.438888888671875 0.7671875 0.432407408203125 0.758333333984375 0.438888888671875 0.753125 0.4481481484375 0.752083333984375 0.47407407421875 0.755208333984375 0.487037037109375
2 0.848958333984375 0.52037037109375 0.852604166015625 0.4944444453125 0.852083333984375 0.486111111328125 0.847916666015625 0.4805555546875 0.8453125 0.52592592578125 0.848958333984375 0.52037037109375
3 0.074479166015625 0.27222222265625 0.082291666015625 0.266666666015625 0.0890625 0.2481481484375 0.0859375 0.234259259765625 0.078125 0.2268518515625 0.070833333984375 0.22777777734375 0.066145833984375 0.241666666015625 0.066145833984375 0.256481482421875 0.074479166015625 0.27222222265625
2 0.093229166015625 0.289814814453125 0.098958333984375 0.290740740234375 0.1109375 0.278703703125 0.103125 0.25092592578125 0.0953125 0.246296296875 0.086979166015625 0.25277777734375 0.0859375 0.27037037109375 0.093229166015625 0.289814814453125
1 0.119270833984375 0.32592592578125 0.1234375 0.32592592578125 0.139583333984375 0.311111111328125 0.1390625 0.30092592578125 0.127083333984375 0.281481482421875 0.116145833984375 0.2768518515625 0.111458333984375 0.288888888671875 0.111458333984375 0.310185185546875 0.119270833984375 0.32592592578125
1 0.163541666015625 0.30277777734375 0.1796875 0.310185185546875 0.1984375 0.292592591796875 0.196354166015625 0.27592592578125 0.185416666015625 0.260185185546875 0.179166666015625 0.256481482421875 0.175 0.2555555546875 0.164583333984375 0.263888888671875 0.160416666015625 0.2731481484375 0.160416666015625 0.288888888671875 0.163541666015625 0.30277777734375
1 0.221354166015625 0.2731481484375 0.243229166015625 0.27777777734375 0.2640625 0.267592591796875 0.269791666015625 0.2518518515625 0.261458333984375 0.236111111328125 0.233333333984375 0.237962962890625 0.21875 0.25092592578125 0.2171875 0.262037037109375 0.221354166015625 0.2731481484375
1 0.119270833984375 0.2694444453125 0.1265625 0.2694444453125 0.141666666015625 0.2555555546875 0.141145833984375 0.2481481484375 0.128125 0.231481482421875 0.119270833984375 0.233333333984375 0.114583333984375 0.240740740234375 0.113541666015625 0.25462962890625 0.119270833984375 0.2694444453125
2 0.108333333984375 0.25277777734375 0.117708333984375 0.234259259765625 0.118229166015625 0.22777777734375 0.1125 0.218518517578125 0.1046875 0.2194444453125 0.097916666015625 0.22777777734375 0.0984375 0.243518517578125 0.108333333984375 0.25277777734375
2 0.063541666015625 0.25092592578125 0.071875 0.22592592578125 0.0703125 0.221296296875 0.060416666015625 0.2231481484375 0.052604166015625 0.233333333984375 0.052604166015625 0.2444444453125 0.063541666015625 0.25092592578125
0 0.042708333984375 0.2444444453125 0.0484375 0.24537037109375 0.051041666015625 0.243518517578125 0.0546875 0.22407407421875 0.046875 0.2194444453125 0.040625 0.228703703125 0.039583333984375 0.235185185546875 0.042708333984375 0.2444444453125
2 0.0234375 0.2444444453125 0.0375 0.237037037109375 0.0359375 0.22777777734375 0.0296875 0.221296296875 0.017708333984375 0.22962962890625 0.019791666015625 0.240740740234375 0.0234375 0.2444444453125
2 0.002604166015625 0.24722222265625 0.009895833984375 0.2481481484375 0.011979166015625 0.234259259765625 0.003645833984375 0.228703703125 0 0.231481482421875 0.002604166015625 0.24722222265625
0 0.445833333984375 0.175 0.4640625 0.178703703125 0.4828125 0.166666666015625 0.490625 0.153703703125 0.491145833984375 0.146296296875 0.4859375 0.137037037109375 0.466666666015625 0.136111111328125 0.455208333984375 0.143518517578125 0.442708333984375 0.160185185546875 0.441666666015625 0.168518517578125 0.445833333984375 0.175
2 0.436979166015625 0.167592591796875 0.458333333984375 0.140740740234375 0.459895833984375 0.133333333984375 0.453645833984375 0.128703703125 0.438541666015625 0.132407408203125 0.422395833984375 0.15462962890625 0.422395833984375 0.166666666015625 0.436979166015625 0.167592591796875
2 0.486979166015625 0.17962962890625 0.508333333984375 0.185185185546875 0.528125 0.1731481484375 0.530729166015625 0.15092592578125 0.5203125 0.141666666015625 0.505729166015625 0.142592591796875 0.490625 0.15462962890625 0.483333333984375 0.167592591796875 0.483333333984375 0.17592592578125 0.486979166015625 0.17962962890625
2 0.530208333984375 0.142592591796875 0.533854166015625 0.138888888671875 0.534895833984375 0.1268518515625 0.532291666015625 0.114814814453125 0.526041666015625 0.113888888671875 0.515104166015625 0.1194444453125 0.505208333984375 0.133333333984375 0.504166666015625 0.141666666015625 0.530208333984375 0.142592591796875
2 0.491145833984375 0.14907407421875 0.494791666015625 0.14907407421875 0.5015625 0.142592591796875 0.511458333984375 0.1231481484375 0.5078125 0.115740740234375 0.496875 0.113888888671875 0.486979166015625 0.1194444453125 0.4796875 0.12962962890625 0.478645833984375 0.133333333984375 0.491145833984375 0.14907407421875
2 0.5671875 0.14907407421875 0.569791666015625 0.139814814453125 0.568229166015625 0.12592592578125 0.5578125 0.117592591796875 0.5484375 0.12037037109375 0.541145833984375 0.133333333984375 0.5421875 0.156481482421875 0.5671875 0.14907407421875
1 0.559895833984375 0.113888888671875 0.563541666015625 0.108333333984375 0.561979166015625 0.092592591796875 0.559895833984375 0.090740740234375 0.546354166015625 0.091666666015625 0.540625 0.0981481484375 0.54375 0.1194444453125 0.559895833984375 0.113888888671875
2 0.5921875 0.137037037109375 0.605729166015625 0.1305555546875 0.60625 0.116666666015625 0.6015625 0.10462962890625 0.591666666015625 0.10462962890625 0.5796875 0.117592591796875 0.5765625 0.12592592578125 0.578125 0.133333333984375 0.5921875 0.137037037109375
2 0.608854166015625 0.12407407421875 0.6265625 0.12037037109375 0.629166666015625 0.112962962890625 0.622916666015625 0.096296296875 0.607291666015625 0.1018518515625 0.605208333984375 0.112037037109375 0.608854166015625 0.12407407421875
1 0.631163021484375 0.111034259765625 0.646788021484375 0.108256482421875 0.647308853515625 0.09714537109375 0.644183853515625 0.089737962890625 0.6322046875 0.089737962890625 0.628038021484375 0.094367591796875 0.6259546875 0.0999231484375 0.631163021484375 0.111034259765625
1 0.668229166015625 0.096296296875 0.6796875 0.09722222265625 0.683854166015625 0.092592591796875 0.684375 0.085185185546875 0.68125 0.0805555546875 0.670833333984375 0.078703703125 0.667708333984375 0.084259259765625 0.666145833984375 0.092592591796875 0.668229166015625 0.096296296875