1 0.466666666015625 0.562962962890625 0.520833333984375 0.65277777734375 0.547395833984375 0.658333333984375 0.567708333984375 0.64722222265625 0.577083333984375 0.62962962890625 0.580729166015625 0.609259259765625 0.576041666015625 0.584259259765625 0.559375 0.546296296875 0.526041666015625 0.487037037109375 0.515104166015625 0.47777777734375 0.4953125 0.4731481484375 0.4703125 0.47962962890625 0.459375 0.492592591796875 0.459375 0.525 0.466666666015625 0.562962962890625
4 0.181677603515625 0.3518518515625 0.1962609375 0.3518518515625 0.2384484375 0.321296296875 0.2462609375 0.307407408203125 0.2462609375 0.29537037109375 0.238969271484375 0.27222222265625 0.217615103515625 0.27407407421875 0.188969271484375 0.30277777734375 0.1759484375 0.332407408203125 0.175427603515625 0.337962962890625 0.181677603515625 0.3518518515625
2 0.176041666015625 0.24907407421875 0.1890625 0.260185185546875 0.203125 0.25277777734375 0.213020833984375 0.238888888671875 0.211458333984375 0.232407408203125 0.194791666015625 0.214814814453125 0.184895833984375 0.213888888671875 0.1765625 0.221296296875 0.174479166015625 0.2268518515625 0.176041666015625 0.24907407421875
2 0.383854166015625 0.210185185546875 0.402604166015625 0.212037037109375 0.428645833984375 0.1981481484375 0.432291666015625 0.17407407421875 0.4265625 0.162962962890625 0.408333333984375 0.163888888671875 0.394270833984375 0.17407407421875 0.380729166015625 0.196296296875 0.380208333984375 0.20277777734375 0.383854166015625 0.210185185546875
2 0.375520833984375 0.20277777734375 0.406770833984375 0.161111111328125 0.4015625 0.153703703125 0.384895833984375 0.157407408203125 0.372916666015625 0.165740740234375 0.359375 0.185185185546875 0.359895833984375 0.2018518515625 0.375520833984375 0.20277777734375
2 0.139583333984375 0.232407408203125 0.152083333984375 0.22777777734375 0.1609375 0.214814814453125 0.141145833984375 0.2 0.1328125 0.2018518515625 0.127083333984375 0.212037037109375 0.128645833984375 0.2305555546875 0.139583333984375 0.232407408203125
2 0.154166666015625 0.291666666015625 0.167708333984375 0.283333333984375 0.176041666015625 0.27222222265625 0.165625 0.25462962890625 0.157291666015625 0.24907407421875 0.144791666015625 0.253703703125 0.141666666015625 0.261111111328125 0.1421875 0.282407408203125 0.154166666015625 0.291666666015625
1 0.477604166015625 0.20277777734375 0.497916666015625 0.188888888671875 0.501041666015625 0.171296296875 0.495833333984375 0.163888888671875 0.480729166015625 0.162962962890625 0.4640625 0.17407407421875 0.453645833984375 0.190740740234375 0.455729166015625 0.2 0.477604166015625 0.20277777734375
1 0.56875 0.110185185546875 0.5859375 0.091666666015625 0.571354166015625 0.088888888671875 0.55625 0.09907407421875 0.555208333984375 0.106481482421875 0.56875 0.110185185546875
1 0.1875 0.159259259765625 0.2078125 0.143518517578125 0.203125 0.138888888671875 0.189583333984375 0.138888888671875 0.180729166015625 0.146296296875 0.180208333984375 0.157407408203125 0.1875 0.159259259765625
1 0.0765625 0.27222222265625 0.091666666015625 0.261111111328125 0.091666666015625 0.25462962890625 0.086458333984375 0.243518517578125 0.077083333984375 0.240740740234375 0.071875 0.24722222265625 0.072395833984375 0.262962962890625 0.0765625 0.27222222265625
4 0.4859375 0.158333333984375 0.502604166015625 0.162037037109375 0.524479166015625 0.14907407421875 0.5265625 0.139814814453125 0.521875 0.12407407421875 0.515104166015625 0.12222222265625 0.490625 0.1268518515625 0.482291666015625 0.14722222265625 0.482291666015625 0.153703703125 0.4859375 0.158333333984375
1 0.5171875 0.1194444453125 0.508333333984375 0.112037037109375 0.497916666015625 0.113888888671875 0.483333333984375 0.128703703125 0.484375 0.137962962890625 0.5171875 0.1194444453125
2 0.573958333984375 0.115740740234375 0.5859375 0.1194444453125 0.602083333984375 0.113888888671875 0.604166666015625 0.1018518515625 0.5984375 0.091666666015625 0.5875 0.090740740234375 0.572916666015625 0.1055555546875 0.571354166015625 0.110185185546875 0.573958333984375 0.115740740234375
2 0.64375 0.088888888671875 0.65625 0.07777777734375 0.6515625 0.0694444453125 0.635416666015625 0.075 0.63125 0.084259259765625 0.64375 0.088888888671875
4 0.686979166015625 0.078703703125 0.685416666015625 0.064814814453125 0.675 0.063888888671875 0.6703125 0.07222222265625 0.671875 0.0805555546875 0.686979166015625 0.078703703125
2 0.623958333984375 0.081481482421875 0.619791666015625 0.07222222265625 0.608854166015625 0.07222222265625 0.610416666015625 0.082407408203125 0.623958333984375 0.081481482421875
0 0 0.97222222265625 0.0359375 0.962962962890625 0.040104166015625 0.958333333984375 0.0453125 0.936111111328125 0.04375 0.896296296875 0.0359375 0.865740740234375 0.025520833984375 0.8444444453125 0.013020833984375 0.841666666015625 0 0.85092592578125 0 0.97222222265625
1 0.702604166015625 0.061111111328125 0.709375 0.062037037109375 0.713541666015625 0.057407408203125 0.710416666015625 0.05 0.703645833984375 0.05277777734375 0.7015625 0.056481482421875 0.702604166015625 0.061111111328125
1 0.736458333984375 0.05 0.734375 0.041666666015625 0.7265625 0.04537037109375 0.7265625 0.05092592578125 0.736458333984375 0.05
2 0.822395833984375 0.07777777734375 0.820833333984375 0.071296296875 0.816666666015625 0.071296296875 0.816145833984375 0.07777777734375 0.822395833984375 0.07777777734375
2 0.833333333984375 0.07407407421875 0.831770833984375 0.065740740234375 0.825 0.067592591796875 0.827083333984375 0.075 0.833333333984375 0.07407407421875
1 0.9421875 0.138888888671875 0.952604166015625 0.14722222265625 0.95625 0.14537037109375 0.950520833984375 0.133333333984375 0.9421875 0.1305555546875 0.940104166015625 0.132407408203125 0.9421875 0.138888888671875