2 0.733854166015625 0.560185185546875 0.741145833984375 0.571296296875 0.80625 0.62962962890625 0.813020833984375 0.62962962890625 0.820833333984375 0.62222222265625 0.826041666015625 0.585185185546875 0.826041666015625 0.563888888671875 0.805208333984375 0.5018518515625 0.790104166015625 0.493518517578125 0.7484375 0.489814814453125 0.7375 0.4944444453125 0.728645833984375 0.514814814453125 0.7265625 0.5268518515625 0.727604166015625 0.542592591796875 0.733854166015625 0.560185185546875
2 0.838541666015625 0.625 0.847395833984375 0.6018518515625 0.852083333984375 0.571296296875 0.85 0.55277777734375 0.845833333984375 0.5444444453125 0.841145833984375 0.546296296875 0.8359375 0.6018518515625 0.8359375 0.6231481484375 0.838541666015625 0.625
2 0.729166666015625 0.47222222265625 0.7703125 0.491666666015625 0.802604166015625 0.49722222265625 0.819791666015625 0.47037037109375 0.817708333984375 0.4518518515625 0.8140625 0.4444444453125 0.799479166015625 0.428703703125 0.7765625 0.414814814453125 0.735416666015625 0.412962962890625 0.7265625 0.4194444453125 0.7203125 0.437037037109375 0.719270833984375 0.4481481484375 0.729166666015625 0.47222222265625
2 0.660416666015625 0.257407408203125 0.664583333984375 0.257407408203125 0.6796875 0.238888888671875 0.682291666015625 0.228703703125 0.679166666015625 0.211111111328125 0.65625 0.19907407421875 0.647916666015625 0.20277777734375 0.6359375 0.22222222265625 0.636458333984375 0.246296296875 0.660416666015625 0.257407408203125
2 0.079166666015625 0.435185185546875 0.095833333984375 0.437037037109375 0.134895833984375 0.403703703125 0.141145833984375 0.382407408203125 0.139583333984375 0.367592591796875 0.133854166015625 0.35462962890625 0.127083333984375 0.35 0.109895833984375 0.357407408203125 0.0953125 0.371296296875 0.075 0.410185185546875 0.075 0.42592592578125 0.079166666015625 0.435185185546875
2 0.172916666015625 0.25 0.185416666015625 0.258333333984375 0.202604166015625 0.24722222265625 0.205729166015625 0.239814814453125 0.2015625 0.2268518515625 0.190104166015625 0.212962962890625 0.1796875 0.212962962890625 0.170833333984375 0.22222222265625 0.1703125 0.239814814453125 0.172916666015625 0.25
2 0.143229166015625 0.284259259765625 0.15 0.282407408203125 0.1640625 0.268518517578125 0.159895833984375 0.2518518515625 0.148958333984375 0.238888888671875 0.134375 0.243518517578125 0.131770833984375 0.253703703125 0.132291666015625 0.27037037109375 0.143229166015625 0.284259259765625
2 0.264583333984375 0.203703703125 0.296354166015625 0.1981481484375 0.3078125 0.183333333984375 0.308333333984375 0.17407407421875 0.303125 0.161111111328125 0.2890625 0.161111111328125 0.281770833984375 0.163888888671875 0.259375 0.185185185546875 0.258333333984375 0.192592591796875 0.264583333984375 0.203703703125
2 0.066145833984375 0.231481482421875 0.078645833984375 0.2305555546875 0.086458333984375 0.22037037109375 0.084895833984375 0.212037037109375 0.078125 0.206481482421875 0.0640625 0.212962962890625 0.0640625 0.228703703125 0.066145833984375 0.231481482421875
2 0.040104166015625 0.231481482421875 0.047395833984375 0.22222222265625 0.047395833984375 0.217592591796875 0.041145833984375 0.209259259765625 0.0328125 0.211111111328125 0.028645833984375 0.216666666015625 0.028645833984375 0.232407408203125 0.040104166015625 0.231481482421875
2 0.0375 0.207407408203125 0.047395833984375 0.2018518515625 0.049479166015625 0.191666666015625 0.045833333984375 0.186111111328125 0.031770833984375 0.1981481484375 0.031770833984375 0.207407408203125 0.0375 0.207407408203125
2 0 0.7018518515625 0.04375 0.6805555546875 0.046354166015625 0.675 0.050520833984375 0.6444444453125 0.049479166015625 0.62222222265625 0.041666666015625 0.593518517578125 0.032291666015625 0.590740740234375 0 0.60462962890625 0 0.7018518515625
2 0 0.982407408203125 0.036458333984375 0.9518518515625 0.044270833984375 0.914814814453125 0.043229166015625 0.896296296875 0.035416666015625 0.87222222265625 0.025520833984375 0.858333333984375 0.0125 0.860185185546875 0 0.866666666015625 0 0.982407408203125
2 0.775520833984375 0.116666666015625 0.789583333984375 0.112962962890625 0.7890625 0.1055555546875 0.783333333984375 0.0981481484375 0.772395833984375 0.1018518515625 0.771875 0.108333333984375 0.775520833984375 0.116666666015625
2 0.680729166015625 0.068518517578125 0.694270833984375 0.066666666015625 0.691145833984375 0.053703703125 0.685416666015625 0.05277777734375 0.682291666015625 0.057407408203125 0.6796875 0.063888888671875 0.680729166015625 0.068518517578125
0 0.182291666015625 0.311111111328125 0.200520833984375 0.316666666015625 0.249479166015625 0.282407408203125 0.257291666015625 0.264814814453125 0.2578125 0.2481481484375 0.252083333984375 0.240740740234375 0.24375 0.240740740234375 0.206770833984375 0.25277777734375 0.180729166015625 0.288888888671875 0.1796875 0.30092592578125 0.182291666015625 0.311111111328125
0 0.107983853515625 0.299689814453125 0.1194421875 0.317282408203125 0.140796353515625 0.300615740234375 0.1381921875 0.28209722265625 0.129338021484375 0.263578703125 0.119963021484375 0.26080092578125 0.109025521484375 0.270986111328125 0.106421353515625 0.275615740234375 0.107983853515625 0.299689814453125
0 0.069791666015625 0.360185185546875 0.090625 0.34537037109375 0.090104166015625 0.313888888671875 0.084895833984375 0.30277777734375 0.075520833984375 0.30277777734375 0.066666666015625 0.316666666015625 0.065625 0.334259259765625 0.069791666015625 0.360185185546875
0 0.7296875 0.17592592578125 0.741145833984375 0.164814814453125 0.741666666015625 0.14907407421875 0.7375 0.137962962890625 0.7203125 0.135185185546875 0.710416666015625 0.15092592578125 0.711458333984375 0.1694444453125 0.7296875 0.17592592578125
0 0.755729166015625 0.116666666015625 0.754166666015625 0.0981481484375 0.741666666015625 0.096296296875 0.743229166015625 0.115740740234375 0.755729166015625 0.116666666015625
0 0.780208333984375 0.096296296875 0.778125 0.082407408203125 0.772395833984375 0.0805555546875 0.769791666015625 0.085185185546875 0.769791666015625 0.09722222265625 0.780208333984375 0.096296296875
1 0.401041666015625 0.491666666015625 0.419270833984375 0.50277777734375 0.438541666015625 0.50277777734375 0.484895833984375 0.4518518515625 0.491145833984375 0.437037037109375 0.491145833984375 0.42777777734375 0.4890625 0.414814814453125 0.4765625 0.4 0.465625 0.396296296875 0.438020833984375 0.4 0.4203125 0.412962962890625 0.394791666015625 0.453703703125 0.39375 0.475 0.401041666015625 0.491666666015625
2 0.788541666015625 0.084259259765625 0.7953125 0.081481482421875 0.79375 0.07037037109375 0.785416666015625 0.07407407421875 0.785416666015625 0.0805555546875 0.788541666015625 0.084259259765625
2 0.56875 0.09907407421875 0.583333333984375 0.093518517578125 0.5890625 0.07777777734375 0.56875 0.062962962890625 0.563541666015625 0.062962962890625 0.55625 0.087962962890625 0.556770833984375 0.09907407421875 0.56875 0.09907407421875
1 0.232291666015625 0.121296296875 0.240625 0.12037037109375 0.2515625 0.112037037109375 0.248958333984375 0.10462962890625 0.232291666015625 0.112037037109375 0.230208333984375 0.115740740234375 0.232291666015625 0.121296296875
2 0.9453125 0.2268518515625 0.961979166015625 0.238888888671875 0.967708333984375 0.234259259765625 0.9671875 0.22407407421875 0.960416666015625 0.212962962890625 0.9546875 0.209259259765625 0.9421875 0.210185185546875 0.941145833984375 0.2194444453125 0.9453125 0.2268518515625
2 0.8109375 0.07407407421875 0.813541666015625 0.063888888671875 0.8046875 0.066666666015625 0.806770833984375 0.07407407421875 0.8109375 0.07407407421875
2 0.830208333984375 0.075 0.8296875 0.065740740234375 0.824479166015625 0.063888888671875 0.824479166015625 0.07407407421875 0.830208333984375 0.075
1 0.736458333984375 0.062037037109375 0.745833333984375 0.062037037109375 0.744270833984375 0.04722222265625 0.7375 0.0481481484375 0.735416666015625 0.05277777734375 0.736458333984375 0.062037037109375
0 0.7640625 0.04907407421875 0.7625 0.040740740234375 0.754166666015625 0.043518517578125 0.755208333984375 0.05092592578125 0.7640625 0.04907407421875