2 0.703645833984375 0.532407408203125 0.709375 0.54722222265625 0.771875 0.6018518515625 0.778645833984375 0.6018518515625 0.797395833984375 0.587962962890625 0.807291666015625 0.561111111328125 0.801041666015625 0.517592591796875 0.768229166015625 0.487037037109375 0.719270833984375 0.482407408203125 0.7125 0.487037037109375 0.7046875 0.5018518515625 0.702604166015625 0.513888888671875 0.703645833984375 0.532407408203125
2 0.807291666015625 0.534259259765625 0.81875 0.541666666015625 0.836979166015625 0.52222222265625 0.8390625 0.465740740234375 0.833333333984375 0.458333333984375 0.801041666015625 0.436111111328125 0.761458333984375 0.435185185546875 0.755208333984375 0.440740740234375 0.749479166015625 0.45277777734375 0.750520833984375 0.484259259765625 0.807291666015625 0.534259259765625
2 0.750520833984375 0.484259259765625 0.8140625 0.54722222265625 0.8203125 0.543518517578125 0.836979166015625 0.52037037109375 0.8390625 0.465740740234375 0.836458333984375 0.461111111328125 0.801041666015625 0.436111111328125 0.761458333984375 0.435185185546875 0.75 0.4518518515625 0.7484375 0.464814814453125 0.750520833984375 0.484259259765625
1 0.396875 0.260185185546875 0.425520833984375 0.260185185546875 0.441145833984375 0.237962962890625 0.4421875 0.221296296875 0.440104166015625 0.209259259765625 0.436458333984375 0.2018518515625 0.4296875 0.19907407421875 0.413020833984375 0.206481482421875 0.3953125 0.240740740234375 0.394270833984375 0.25092592578125 0.396875 0.260185185546875
1 0.45625 0.161111111328125 0.4765625 0.15092592578125 0.4796875 0.140740740234375 0.476041666015625 0.132407408203125 0.459895833984375 0.1305555546875 0.451041666015625 0.136111111328125 0.439583333984375 0.1518518515625 0.441145833984375 0.160185185546875 0.45625 0.161111111328125
2 0.730729166015625 0.1731481484375 0.740625 0.167592591796875 0.742708333984375 0.158333333984375 0.740104166015625 0.142592591796875 0.731770833984375 0.137962962890625 0.719791666015625 0.142592591796875 0.715104166015625 0.153703703125 0.715625 0.164814814453125 0.730729166015625 0.1731481484375
2 0.372916666015625 0.232407408203125 0.402604166015625 0.215740740234375 0.4078125 0.19722222265625 0.403125 0.1805555546875 0.392708333984375 0.17592592578125 0.369270833984375 0.187037037109375 0.352083333984375 0.209259259765625 0.352604166015625 0.228703703125 0.372916666015625 0.232407408203125
2 0.408854166015625 0.187962962890625 0.413020833984375 0.184259259765625 0.415625 0.167592591796875 0.410416666015625 0.15277777734375 0.396875 0.1518518515625 0.383854166015625 0.159259259765625 0.369270833984375 0.1805555546875 0.369270833984375 0.187037037109375 0.408854166015625 0.187962962890625
2 0.4734375 0.187037037109375 0.491666666015625 0.188888888671875 0.513020833984375 0.17592592578125 0.515104166015625 0.158333333984375 0.506770833984375 0.146296296875 0.497916666015625 0.14537037109375 0.483854166015625 0.15277777734375 0.46875 0.171296296875 0.46875 0.181481482421875 0.4734375 0.187037037109375
2 0.508333333984375 0.12592592578125 0.5265625 0.12592592578125 0.5328125 0.12037037109375 0.540104166015625 0.10277777734375 0.533854166015625 0.09537037109375 0.5234375 0.09722222265625 0.504166666015625 0.117592591796875 0.503125 0.1231481484375 0.508333333984375 0.12592592578125
4 0.559375 0.1231481484375 0.572395833984375 0.125 0.588020833984375 0.118518517578125 0.592708333984375 0.108333333984375 0.589583333984375 0.096296296875 0.578645833984375 0.092592591796875 0.569270833984375 0.096296296875 0.5578125 0.111111111328125 0.555208333984375 0.115740740234375 0.559375 0.1231481484375
0 0.6265625 0.084259259765625 0.622916666015625 0.0731481484375 0.608854166015625 0.07222222265625 0.608854166015625 0.093518517578125 0.6265625 0.084259259765625
2 0.6578125 0.087962962890625 0.668229166015625 0.087037037109375 0.670833333984375 0.081481482421875 0.665104166015625 0.067592591796875 0.65625 0.071296296875 0.655729166015625 0.084259259765625 0.6578125 0.087962962890625
2 0.150520833984375 0.289814814453125 0.161979166015625 0.286111111328125 0.171875 0.27222222265625 0.159375 0.2481481484375 0.155208333984375 0.24537037109375 0.146875 0.246296296875 0.1390625 0.253703703125 0.141145833984375 0.281481482421875 0.150520833984375 0.289814814453125
1 0.065625 0.2 0.075520833984375 0.1944444453125 0.0796875 0.185185185546875 0.071354166015625 0.17962962890625 0.059895833984375 0.190740740234375 0.060416666015625 0.2 0.065625 0.2
0 0 0.97407407421875 0.044270833984375 0.94907407421875 0.051041666015625 0.935185185546875 0.052083333984375 0.881481482421875 0.043229166015625 0.8444444453125 0.029166666015625 0.815740740234375 0.0203125 0.813888888671875 0.011458333984375 0.8194444453125 0 0.82962962890625 0 0.97407407421875
1 0.902083333984375 0.19907407421875 0.9078125 0.19722222265625 0.9078125 0.186111111328125 0.904166666015625 0.1731481484375 0.896875 0.17222222265625 0.893229166015625 0.182407408203125 0.89375 0.1944444453125 0.902083333984375 0.19907407421875
1 0.682291666015625 0.063888888671875 0.698958333984375 0.063888888671875 0.698958333984375 0.056481482421875 0.696354166015625 0.05277777734375 0.685416666015625 0.05092592578125 0.680208333984375 0.0555555546875 0.677604166015625 0.060185185546875 0.682291666015625 0.063888888671875
2 0.719791666015625 0.068518517578125 0.7265625 0.068518517578125 0.7296875 0.062962962890625 0.726041666015625 0.05462962890625 0.71875 0.05462962890625 0.716145833984375 0.059259259765625 0.715625 0.063888888671875 0.719791666015625 0.068518517578125
2 0.801041666015625 0.09537037109375 0.8078125 0.0944444453125 0.807291666015625 0.085185185546875 0.804166666015625 0.081481482421875 0.796354166015625 0.085185185546875 0.796875 0.091666666015625 0.801041666015625 0.09537037109375
2 0.828125 0.07407407421875 0.827604166015625 0.066666666015625 0.821354166015625 0.068518517578125 0.823958333984375 0.07592592578125 0.828125 0.07407407421875
2 0.8390625 0.07037037109375 0.838541666015625 0.062962962890625 0.833854166015625 0.063888888671875 0.834375 0.07037037109375 0.8390625 0.07037037109375
1 0.7625 0.04907407421875 0.7625 0.042592591796875 0.7546875 0.043518517578125 0.754166666015625 0.05 0.7625 0.04907407421875
1 0.755729166015625 0.056481482421875 0.7546875 0.05 0.747916666015625 0.05092592578125 0.746875 0.057407408203125 0.755729166015625 0.056481482421875
2 0.786979166015625 0.05 0.7859375 0.0444444453125 0.7796875 0.04537037109375 0.7796875 0.05092592578125 0.786979166015625 0.05
1 0.631770833984375 0.081481482421875 0.644270833984375 0.084259259765625 0.6546875 0.07407407421875 0.648958333984375 0.068518517578125 0.6359375 0.07037037109375 0.63125 0.07777777734375 0.631770833984375 0.081481482421875