2 0.730729166015625 0.5481481484375 0.8 0.593518517578125 0.80625 0.593518517578125 0.824479166015625 0.5805555546875 0.827604166015625 0.57222222265625 0.829166666015625 0.514814814453125 0.797916666015625 0.483333333984375 0.782291666015625 0.47592592578125 0.738541666015625 0.471296296875 0.723958333984375 0.484259259765625 0.718229166015625 0.506481482421875 0.718229166015625 0.52407407421875 0.730729166015625 0.5481481484375
2 0.561458333984375 0.15277777734375 0.578125 0.14722222265625 0.578645833984375 0.1268518515625 0.575 0.1194444453125 0.563541666015625 0.117592591796875 0.544791666015625 0.1305555546875 0.5421875 0.136111111328125 0.543229166015625 0.14907407421875 0.561458333984375 0.15277777734375
2 0.5296875 0.14537037109375 0.5328125 0.141666666015625 0.535416666015625 0.115740740234375 0.531770833984375 0.106481482421875 0.522395833984375 0.1055555546875 0.508854166015625 0.115740740234375 0.503645833984375 0.12407407421875 0.505729166015625 0.140740740234375 0.5296875 0.14537037109375
1 0.595833333984375 0.133333333984375 0.611979166015625 0.12777777734375 0.615104166015625 0.1194444453125 0.609375 0.10462962890625 0.584895833984375 0.117592591796875 0.584375 0.125 0.595833333984375 0.133333333984375
2 0.622395833984375 0.115740740234375 0.633333333984375 0.117592591796875 0.645833333984375 0.109259259765625 0.645833333984375 0.09907407421875 0.640625 0.090740740234375 0.630208333984375 0.089814814453125 0.619270833984375 0.10092592578125 0.618229166015625 0.110185185546875 0.622395833984375 0.115740740234375
2 0.677083333984375 0.083333333984375 0.686979166015625 0.0805555546875 0.688541666015625 0.07222222265625 0.686979166015625 0.065740740234375 0.68125 0.063888888671875 0.671354166015625 0.07407407421875 0.671875 0.081481482421875 0.677083333984375 0.083333333984375
0 0.709895833984375 0.239814814453125 0.7171875 0.217592591796875 0.718229166015625 0.19907407421875 0.714583333984375 0.188888888671875 0.709375 0.184259259765625 0.6984375 0.182407408203125 0.690104166015625 0.187962962890625 0.683854166015625 0.209259259765625 0.683333333984375 0.231481482421875 0.709895833984375 0.239814814453125
0 0.09375 0.187037037109375 0.105729166015625 0.185185185546875 0.118229166015625 0.17407407421875 0.1171875 0.166666666015625 0.109375 0.162962962890625 0.1 0.163888888671875 0.093229166015625 0.17222222265625 0.091145833984375 0.183333333984375 0.09375 0.187037037109375
0 0.175 0.186111111328125 0.190625 0.175 0.189583333984375 0.165740740234375 0.181770833984375 0.158333333984375 0.173958333984375 0.160185185546875 0.163541666015625 0.17037037109375 0.164583333984375 0.183333333984375 0.175 0.186111111328125
2 0.784375 0.106481482421875 0.795833333984375 0.108333333984375 0.792708333984375 0.093518517578125 0.7859375 0.091666666015625 0.7796875 0.096296296875 0.778125 0.0981481484375 0.784375 0.106481482421875
2 0.772395833984375 0.0944444453125 0.780729166015625 0.09722222265625 0.784895833984375 0.091666666015625 0.780729166015625 0.082407408203125 0.772395833984375 0.081481482421875 0.7703125 0.085185185546875 0.772395833984375 0.0944444453125
2 0.810416666015625 0.07222222265625 0.810416666015625 0.064814814453125 0.8078125 0.062962962890625 0.799479166015625 0.068518517578125 0.805208333984375 0.07592592578125 0.810416666015625 0.07222222265625
1 0.488020833984375 0.178703703125 0.508854166015625 0.184259259765625 0.527604166015625 0.175 0.530729166015625 0.15 0.523958333984375 0.141666666015625 0.5078125 0.141666666015625 0.490625 0.158333333984375 0.484895833984375 0.168518517578125 0.484375 0.175 0.488020833984375 0.178703703125