2 0.728645833984375 0.47222222265625 0.771875 0.491666666015625 0.802604166015625 0.4981481484375 0.819791666015625 0.47037037109375 0.816145833984375 0.44722222265625 0.797916666015625 0.42777777734375 0.779166666015625 0.415740740234375 0.735416666015625 0.412962962890625 0.727083333984375 0.418518517578125 0.720833333984375 0.433333333984375 0.719270833984375 0.4481481484375 0.728645833984375 0.47222222265625
2 0.740625 0.571296296875 0.80625 0.62962962890625 0.813541666015625 0.62962962890625 0.820833333984375 0.62222222265625 0.826041666015625 0.584259259765625 0.825520833984375 0.563888888671875 0.803645833984375 0.50092592578125 0.790104166015625 0.4944444453125 0.746354166015625 0.490740740234375 0.7375 0.49537037109375 0.7265625 0.525 0.727083333984375 0.542592591796875 0.740625 0.571296296875
2 0.838020833984375 0.625 0.845833333984375 0.608333333984375 0.852083333984375 0.5731481484375 0.848958333984375 0.5518518515625 0.841666666015625 0.564814814453125 0.8359375 0.60092592578125 0.835416666015625 0.617592591796875 0.838020833984375 0.625
2 0.383333333984375 0.50462962890625 0.401041666015625 0.517592591796875 0.428645833984375 0.518518517578125 0.481770833984375 0.460185185546875 0.485416666015625 0.437037037109375 0.484895833984375 0.413888888671875 0.478645833984375 0.40277777734375 0.4609375 0.392592591796875 0.423958333984375 0.3981481484375 0.3875 0.431481482421875 0.375520833984375 0.465740740234375 0.375520833984375 0.492592591796875 0.383333333984375 0.50462962890625
2 0 0.70462962890625 0.0421875 0.682407408203125 0.046875 0.67407407421875 0.051041666015625 0.653703703125 0.050520833984375 0.621296296875 0.0421875 0.593518517578125 0.032291666015625 0.590740740234375 0 0.60277777734375 0 0.70462962890625
2 0.175520833984375 0.25277777734375 0.1859375 0.257407408203125 0.205729166015625 0.240740740234375 0.205208333984375 0.234259259765625 0.196354166015625 0.218518517578125 0.189583333984375 0.212962962890625 0.1796875 0.212962962890625 0.1703125 0.22407407421875 0.1703125 0.241666666015625 0.175520833984375 0.25277777734375
2 0.143229166015625 0.284259259765625 0.155208333984375 0.289814814453125 0.170833333984375 0.2805555546875 0.173958333984375 0.275 0.170833333984375 0.258333333984375 0.1578125 0.2444444453125 0.14375 0.24722222265625 0.140104166015625 0.256481482421875 0.139583333984375 0.2694444453125 0.143229166015625 0.284259259765625
2 0.111979166015625 0.258333333984375 0.119791666015625 0.261111111328125 0.130208333984375 0.2518518515625 0.13125 0.240740740234375 0.125520833984375 0.225 0.115104166015625 0.22407407421875 0.108854166015625 0.2305555546875 0.1078125 0.24537037109375 0.111979166015625 0.258333333984375
2 0.126041666015625 0.225 0.136979166015625 0.22777777734375 0.147395833984375 0.22037037109375 0.149479166015625 0.214814814453125 0.1484375 0.206481482421875 0.140625 0.19537037109375 0.1296875 0.19537037109375 0.124479166015625 0.20092592578125 0.122916666015625 0.22037037109375 0.126041666015625 0.225
2 0.366145833984375 0.20092592578125 0.381770833984375 0.20092592578125 0.4078125 0.187037037109375 0.409375 0.17037037109375 0.405208333984375 0.157407408203125 0.396354166015625 0.1555555546875 0.3765625 0.166666666015625 0.363541666015625 0.182407408203125 0.3625 0.189814814453125 0.366145833984375 0.20092592578125
2 0.778645833984375 0.125 0.7828125 0.121296296875 0.7828125 0.10462962890625 0.771875 0.10092592578125 0.769791666015625 0.1055555546875 0.771354166015625 0.121296296875 0.778645833984375 0.125
2 0.803645833984375 0.10277777734375 0.805729166015625 0.09907407421875 0.802083333984375 0.083333333984375 0.795833333984375 0.083333333984375 0.792708333984375 0.089814814453125 0.793229166015625 0.1 0.803645833984375 0.10277777734375
2 0.8046875 0.07777777734375 0.804166666015625 0.07037037109375 0.801041666015625 0.066666666015625 0.794270833984375 0.07037037109375 0.7953125 0.0805555546875 0.8046875 0.07777777734375
2 0.707291666015625 0.064814814453125 0.7125 0.061111111328125 0.713541666015625 0.053703703125 0.7109375 0.04907407421875 0.7046875 0.0481481484375 0.698958333984375 0.05 0.6953125 0.056481482421875 0.695833333984375 0.063888888671875 0.707291666015625 0.064814814453125
0 0.119270833984375 0.317592591796875 0.140625 0.30092592578125 0.138020833984375 0.27592592578125 0.127083333984375 0.262037037109375 0.119791666015625 0.262962962890625 0.10625 0.27592592578125 0.108854166015625 0.30277777734375 0.119270833984375 0.317592591796875
1 0.056770833984375 0.2305555546875 0.065625 0.221296296875 0.0609375 0.208333333984375 0.048958333984375 0.209259259765625 0.0453125 0.215740740234375 0.046875 0.2305555546875 0.056770833984375 0.2305555546875
1 0.00625 0.22962962890625 0.015104166015625 0.22592592578125 0.022395833984375 0.215740740234375 0.011458333984375 0.212037037109375 0.003645833984375 0.218518517578125 0.002604166015625 0.2268518515625 0.00625 0.22962962890625
0 0.363020833984375 0.1805555546875 0.4046875 0.157407408203125 0.407291666015625 0.15277777734375 0.407291666015625 0.1444444453125 0.401041666015625 0.138888888671875 0.372916666015625 0.138888888671875 0.35 0.158333333984375 0.35 0.17592592578125 0.363020833984375 0.1805555546875
2 0.125520833984375 0.189814814453125 0.130208333984375 0.181481482421875 0.1265625 0.167592591796875 0.113541666015625 0.1694444453125 0.1078125 0.1805555546875 0.108854166015625 0.193518517578125 0.125520833984375 0.189814814453125
1 0.159375 0.160185185546875 0.1765625 0.15092592578125 0.180208333984375 0.143518517578125 0.171354166015625 0.136111111328125 0.154166666015625 0.1518518515625 0.154166666015625 0.160185185546875 0.159375 0.160185185546875
1 0.64375 0.27222222265625 0.648958333984375 0.271296296875 0.6640625 0.25092592578125 0.661458333984375 0.231481482421875 0.647395833984375 0.22222222265625 0.632291666015625 0.22592592578125 0.620833333984375 0.24722222265625 0.622395833984375 0.262037037109375 0.64375 0.27222222265625
1 0.53125 0.143518517578125 0.534375 0.139814814453125 0.536458333984375 0.113888888671875 0.522395833984375 0.116666666015625 0.515625 0.1268518515625 0.5171875 0.142592591796875 0.53125 0.143518517578125
1 0.734895833984375 0.1555555546875 0.7484375 0.160185185546875 0.753125 0.15462962890625 0.753645833984375 0.140740740234375 0.751041666015625 0.136111111328125 0.739583333984375 0.133333333984375 0.733854166015625 0.140740740234375 0.7328125 0.1518518515625 0.734895833984375 0.1555555546875
1 0.906770833984375 0.185185185546875 0.915104166015625 0.190740740234375 0.919270833984375 0.188888888671875 0.9203125 0.1805555546875 0.915104166015625 0.168518517578125 0.909895833984375 0.166666666015625 0.905208333984375 0.17222222265625 0.904166666015625 0.178703703125 0.906770833984375 0.185185185546875
2 0.661979166015625 0.078703703125 0.663020833984375 0.067592591796875 0.658333333984375 0.060185185546875 0.651041666015625 0.062037037109375 0.646354166015625 0.0731481484375 0.647395833984375 0.07962962890625 0.661979166015625 0.078703703125
0 0 0.47592592578125 0.0078125 0.471296296875 0.013020833984375 0.44907407421875 0.011458333984375 0.428703703125 0.00625 0.42592592578125 0 0.42592592578125 0 0.47592592578125
0 0.822916666015625 0.081481482421875 0.820833333984375 0.071296296875 0.815625 0.07222222265625 0.815625 0.082407408203125 0.822916666015625 0.081481482421875
1 0.822916666015625 0.082407408203125 0.820833333984375 0.071296296875 0.815625 0.07222222265625 0.815625 0.082407408203125 0.822916666015625 0.082407408203125
2 0.756770833984375 0.0555555546875 0.755208333984375 0.04537037109375 0.747916666015625 0.05 0.748958333984375 0.057407408203125 0.756770833984375 0.0555555546875