2 0.0140625 0.881481482421875 0.027083333984375 0.9231481484375 0.056770833984375 0.935185185546875 0.121875 0.860185185546875 0.13125 0.831481482421875 0.1328125 0.8018518515625 0.125 0.77222222265625 0.116666666015625 0.756481482421875 0.108854166015625 0.75092592578125 0.0984375 0.7518518515625 0.051041666015625 0.77777777734375 0.022395833984375 0.810185185546875 0.0125 0.834259259765625 0.0109375 0.8481481484375 0.0140625 0.881481482421875
2 0.731770833984375 0.556481482421875 0.740625 0.571296296875 0.7796328125 0.589362962890625 0.80625 0.62962962890625 0.8140625 0.62962962890625 0.821354166015625 0.62037037109375 0.83125 0.534259259765625 0.822168228515625 0.50974722265625 0.7484375 0.490740740234375 0.736458333984375 0.496296296875 0.7265625 0.52592592578125 0.726041666015625 0.536111111328125 0.731770833984375 0.556481482421875
2 0.838020833984375 0.62407407421875 0.8453125 0.611111111328125 0.8515625 0.57592592578125 0.847916666015625 0.54537037109375 0.840625 0.54537037109375 0.836458333984375 0.5981481484375 0.835416666015625 0.616666666015625 0.838020833984375 0.62407407421875
2 0.729166666015625 0.4731481484375 0.772395833984375 0.4944444453125 0.803645833984375 0.4981481484375 0.819791666015625 0.471296296875 0.816145833984375 0.44722222265625 0.802604166015625 0.432407408203125 0.7796875 0.416666666015625 0.734895833984375 0.412962962890625 0.727083333984375 0.418518517578125 0.721354166015625 0.431481482421875 0.718229166015625 0.44722222265625 0.729166666015625 0.4731481484375
2 0.154166666015625 0.290740740234375 0.168229166015625 0.282407408203125 0.173958333984375 0.27407407421875 0.171354166015625 0.260185185546875 0.1578125 0.2444444453125 0.147395833984375 0.243518517578125 0.138541666015625 0.25462962890625 0.140625 0.2805555546875 0.154166666015625 0.290740740234375
2 0.136458333984375 0.2305555546875 0.14375 0.231481482421875 0.1515625 0.22037037109375 0.152083333984375 0.208333333984375 0.145833333984375 0.19907407421875 0.138020833984375 0.19907407421875 0.132291666015625 0.206481482421875 0.132291666015625 0.22407407421875 0.136458333984375 0.2305555546875
2 0.165625 0.242592591796875 0.16875 0.237962962890625 0.173958333984375 0.212962962890625 0.168229166015625 0.20462962890625 0.160416666015625 0.203703703125 0.152604166015625 0.210185185546875 0.150520833984375 0.2231481484375 0.1515625 0.235185185546875 0.165625 0.242592591796875
4 0.131770833984375 0.266666666015625 0.136979166015625 0.263888888671875 0.1421875 0.24537037109375 0.140104166015625 0.238888888671875 0.13125 0.2305555546875 0.122916666015625 0.231481482421875 0.117708333984375 0.239814814453125 0.118229166015625 0.260185185546875 0.131770833984375 0.266666666015625
4 0.175 0.253703703125 0.1859375 0.257407408203125 0.202604166015625 0.246296296875 0.205208333984375 0.240740740234375 0.198784896484375 0.222839814453125 0.189583333984375 0.212962962890625 0.180208333984375 0.212962962890625 0.170833333984375 0.22407407421875 0.1703125 0.241666666015625 0.175 0.253703703125
4 0.446354166015625 0.164814814453125 0.456770833984375 0.159259259765625 0.469270833984375 0.136111111328125 0.464583333984375 0.125 0.4515625 0.12592592578125 0.4390625 0.133333333984375 0.427604166015625 0.1518518515625 0.428645833984375 0.163888888671875 0.446354166015625 0.164814814453125
4 0.5015625 0.141666666015625 0.519791666015625 0.131481482421875 0.521875 0.115740740234375 0.519270833984375 0.1055555546875 0.508854166015625 0.10462962890625 0.497916666015625 0.110185185546875 0.488020833984375 0.12407407421875 0.486458333984375 0.12962962890625 0.5015625 0.141666666015625
2 0.502083333984375 0.186111111328125 0.5234375 0.175 0.5265625 0.166666666015625 0.523958333984375 0.15 0.511458333984375 0.139814814453125 0.496875 0.14722222265625 0.483333333984375 0.168518517578125 0.484895833984375 0.181481482421875 0.502083333984375 0.186111111328125
2 0.475520833984375 0.171296296875 0.492708333984375 0.15462962890625 0.497395833984375 0.140740740234375 0.491145833984375 0.132407408203125 0.4796875 0.133333333984375 0.466145833984375 0.143518517578125 0.459375 0.157407408203125 0.4609375 0.168518517578125 0.475520833984375 0.171296296875
2 0.386458333984375 0.17592592578125 0.4078125 0.165740740234375 0.411979166015625 0.161111111328125 0.4125 0.15277777734375 0.408333333984375 0.140740740234375 0.394791666015625 0.139814814453125 0.386979166015625 0.142592591796875 0.370833333984375 0.162037037109375 0.370833333984375 0.171296296875 0.386458333984375 0.17592592578125
2 0.574479166015625 0.106481482421875 0.591145833984375 0.10277777734375 0.594270833984375 0.09722222265625 0.594270833984375 0.091666666015625 0.588541666015625 0.083333333984375 0.58125 0.082407408203125 0.572395833984375 0.090740740234375 0.5703125 0.1018518515625 0.574479166015625 0.106481482421875
2 0.20625 0.143518517578125 0.2140625 0.143518517578125 0.230729166015625 0.137037037109375 0.231770833984375 0.134259259765625 0.232291666015625 0.1268518515625 0.23125 0.125 0.216666666015625 0.1231481484375 0.208333333984375 0.128703703125 0.205729166015625 0.134259259765625 0.205208333984375 0.138888888671875 0.20625 0.143518517578125
0 0.044791666015625 0.20277777734375 0.046875 0.203703703125 0.0640625 0.196296296875 0.066145833984375 0.192592591796875 0.0671875 0.188888888671875 0.0671875 0.185185185546875 0.065625 0.181481482421875 0.0640625 0.1805555546875 0.060416666015625 0.17962962890625 0.054166666015625 0.1805555546875 0.050520833984375 0.184259259765625 0.044270833984375 0.193518517578125 0.04375 0.2 0.044791666015625 0.20277777734375
0 0.11875 0.317592591796875 0.140625 0.3018518515625 0.1390625 0.283333333984375 0.127083333984375 0.262962962890625 0.1203125 0.262962962890625 0.106770833984375 0.275 0.1078125 0.3 0.11875 0.317592591796875
0 0.247916666015625 0.35 0.280208333984375 0.343518517578125 0.297395833984375 0.29907407421875 0.297709896484375 0.27060462890625 0.284375 0.266666666015625 0.2609375 0.2731481484375 0.242708333984375 0.32222222265625 0.24375 0.342592591796875 0.247916666015625 0.35
0 0.529166666015625 0.12962962890625 0.5328125 0.134259259765625 0.542708333984375 0.138888888671875 0.547395833984375 0.138888888671875 0.564583333984375 0.1305555546875 0.5671875 0.12777777734375 0.569270833984375 0.1194444453125 0.568669271484375 0.107917591796875 0.5662046875 0.106541666015625 0.561427603515625 0.10832962890625 0.555208333984375 0.10092592578125 0.543229166015625 0.10277777734375 0.5328125 0.108333333984375 0.53125 0.112962962890625 0.529166666015625 0.12222222265625 0.529166666015625 0.12962962890625
2 0.691666666015625 0.062962962890625 0.692708333984375 0.064814814453125 0.6953125 0.065740740234375 0.703125 0.065740740234375 0.7046875 0.064814814453125 0.705729166015625 0.062037037109375 0.705729166015625 0.056481482421875 0.705208333984375 0.05462962890625 0.703125 0.0518518515625 0.698958333984375 0.05092592578125 0.6953125 0.05277777734375 0.6921875 0.056481482421875 0.691145833984375 0.060185185546875 0.691666666015625 0.062962962890625
1 0.419791666015625 0.05 0.422916666015625 0.05277777734375 0.440625 0.05 0.441145833984375 0.04722222265625 0.440104166015625 0.0444444453125 0.438020833984375 0.042592591796875 0.4328125 0.040740740234375 0.425520833984375 0.041666666015625 0.421875 0.043518517578125 0.419791666015625 0.046296296875 0.419791666015625 0.05