0 0.633333333984375 0.59537037109375 0.639583333984375 0.6055555546875 0.738020833984375 0.693518517578125 0.776041666015625 0.690740740234375 0.795833333984375 0.641666666015625 0.797916666015625 0.603703703125 0.742708333984375 0.539814814453125 0.709375 0.516666666015625 0.652083333984375 0.507407408203125 0.634895833984375 0.5268518515625 0.627604166015625 0.556481482421875 0.628645833984375 0.57777777734375 0.633333333984375 0.59537037109375
2 0.238541666015625 0.206481482421875 0.263541666015625 0.203703703125 0.276041666015625 0.1944444453125 0.279166666015625 0.183333333984375 0.271875 0.17222222265625 0.264583333984375 0.171296296875 0.253125 0.175 0.236458333984375 0.191666666015625 0.234895833984375 0.19907407421875 0.238541666015625 0.206481482421875
2 0.442708333984375 0.17592592578125 0.4625 0.17962962890625 0.485416666015625 0.168518517578125 0.490104166015625 0.15462962890625 0.486979166015625 0.137037037109375 0.4765625 0.132407408203125 0.458333333984375 0.140740740234375 0.439583333984375 0.165740740234375 0.4390625 0.171296296875 0.442708333984375 0.17592592578125
2 0.452604166015625 0.14537037109375 0.4765625 0.131481482421875 0.478125 0.12592592578125 0.475 0.115740740234375 0.466145833984375 0.112962962890625 0.452083333984375 0.118518517578125 0.439583333984375 0.134259259765625 0.440104166015625 0.143518517578125 0.452604166015625 0.14537037109375
2 0.550520833984375 0.134259259765625 0.5640625 0.12777777734375 0.565104166015625 0.112037037109375 0.561979166015625 0.10462962890625 0.5515625 0.1018518515625 0.542708333984375 0.1055555546875 0.5421875 0.132407408203125 0.550520833984375 0.134259259765625
2 0.5890625 0.1018518515625 0.597916666015625 0.09907407421875 0.601041666015625 0.091666666015625 0.596354166015625 0.07777777734375 0.589146353515625 0.078091666015625 0.584280208984375 0.083468517578125 0.579166666015625 0.089814814453125 0.580208333984375 0.09907407421875 0.5890625 0.1018518515625
2 0.6828125 0.066666666015625 0.683333333984375 0.067592591796875 0.684895833984375 0.068518517578125 0.692708333984375 0.068518517578125 0.695833333984375 0.066666666015625 0.696354166015625 0.060185185546875 0.695833333984375 0.056481482421875 0.693229166015625 0.05277777734375 0.6875 0.05277777734375 0.685416666015625 0.053703703125 0.683333333984375 0.058333333984375 0.6828125 0.062037037109375 0.6828125 0.066666666015625
2 0.715625 0.053703703125 0.7171875 0.057407408203125 0.719791666015625 0.059259259765625 0.7265625 0.059259259765625 0.728125 0.058333333984375 0.729166666015625 0.056481482421875 0.729166666015625 0.05 0.727083333984375 0.046296296875 0.723958333984375 0.0444444453125 0.721354166015625 0.0444444453125 0.719791666015625 0.04537037109375 0.715625 0.05277777734375 0.715625 0.053703703125
2 0.747916666015625 0.05277777734375 0.752083333984375 0.05277777734375 0.754166666015625 0.05 0.753645833984375 0.046296296875 0.752083333984375 0.043518517578125 0.747916666015625 0.043518517578125 0.746984375 0.04737407421875 0.747028646484375 0.050293517578125 0.747916666015625 0.05277777734375
2 0.902083333984375 0.592592591796875 0.918229166015625 0.587037037109375 0.923958333984375 0.57592592578125 0.927083333984375 0.5481481484375 0.924479166015625 0.52222222265625 0.916666666015625 0.508333333984375 0.900520833984375 0.493518517578125 0.8921875 0.488888888671875 0.851041666015625 0.486111111328125 0.845833333984375 0.514814814453125 0.845833333984375 0.534259259765625 0.902083333984375 0.592592591796875
2 0.772395833984375 0.582407408203125 0.8140625 0.610185185546875 0.822916666015625 0.610185185546875 0.830208333984375 0.561111111328125 0.8015625 0.52222222265625 0.790104166015625 0.516666666015625 0.775520833984375 0.52222222265625 0.765104166015625 0.546296296875 0.764583333984375 0.563888888671875 0.772395833984375 0.582407408203125
2 0.836458333984375 0.65092592578125 0.8453125 0.656481482421875 0.866666666015625 0.64722222265625 0.8734375 0.634259259765625 0.877083333984375 0.6194444453125 0.881770833984375 0.590740740234375 0.8796875 0.57777777734375 0.8671875 0.5555555546875 0.8453125 0.531481482421875 0.834375 0.615740740234375 0.833333333984375 0.64537037109375 0.836458333984375 0.65092592578125
1 0 0.99907407421875 0.0125 0.99907407421875 0.068229166015625 0.932407408203125 0.0796875 0.896296296875 0.081770833984375 0.87962962890625 0.0703125 0.846296296875 0.0578125 0.828703703125 0.040625 0.8305555546875 0.0046875 0.85092592578125 0 0.85462962890625 0 0.99907407421875
2 0.098958333984375 0.184259259765625 0.110416666015625 0.17962962890625 0.115625 0.17037037109375 0.1125 0.162037037109375 0.108333333984375 0.161111111328125 0.091145833984375 0.178703703125 0.091666666015625 0.185185185546875 0.098958333984375 0.184259259765625
2 0.021354166015625 0.233333333984375 0.029166666015625 0.2305555546875 0.033620833984375 0.2204194453125 0.023958333984375 0.213888888671875 0.016145833984375 0.221296296875 0.016145833984375 0.232407408203125 0.021354166015625 0.233333333984375