1 0 0.715740740234375 0.005208333984375 0.717592591796875 0.0375 0.696296296875 0.047395833984375 0.67222222265625 0.0484375 0.661111111328125 0.044791666015625 0.638888888671875 0.0375 0.628703703125 0.027604166015625 0.62777777734375 0.002604166015625 0.638888888671875 0 0.641666666015625 0 0.715740740234375
1 0.444270833984375 0.1694444453125 0.463541666015625 0.160185185546875 0.465625 0.14537037109375 0.459895833984375 0.137037037109375 0.447395833984375 0.136111111328125 0.427604166015625 0.156481482421875 0.428125 0.168518517578125 0.444270833984375 0.1694444453125
1 0.630729166015625 0.0768518515625 0.639583333984375 0.071296296875 0.634895833984375 0.060185185546875 0.625520833984375 0.062962962890625 0.620833333984375 0.07407407421875 0.630729166015625 0.0768518515625
1 0.150520833984375 0.290740740234375 0.163541666015625 0.286111111328125 0.169791666015625 0.27222222265625 0.165625 0.260185185546875 0.1578125 0.25 0.14375 0.25277777734375 0.1390625 0.262037037109375 0.139583333984375 0.27962962890625 0.150520833984375 0.290740740234375
1 0.159895833984375 0.157407408203125 0.182291666015625 0.1444444453125 0.181770833984375 0.137037037109375 0.175520833984375 0.131481482421875 0.158854166015625 0.143518517578125 0.156770833984375 0.15277777734375 0.159895833984375 0.157407408203125
0 0.1734375 0.25277777734375 0.188541666015625 0.263888888671875 0.206770833984375 0.25277777734375 0.209895833984375 0.24722222265625 0.209375 0.233333333984375 0.2 0.2194444453125 0.191145833984375 0.212962962890625 0.177083333984375 0.221296296875 0.16875 0.235185185546875 0.169270833984375 0.2444444453125 0.1734375 0.25277777734375
2 0.128645833984375 0.2694444453125 0.138020833984375 0.264814814453125 0.1546875 0.2444444453125 0.1515625 0.236111111328125 0.133854166015625 0.2268518515625 0.121354166015625 0.233333333984375 0.119270833984375 0.262037037109375 0.128645833984375 0.2694444453125
0 0.105208333984375 0.25462962890625 0.1171875 0.2481481484375 0.119791666015625 0.232407408203125 0.115104166015625 0.221296296875 0.109375 0.215740740234375 0.102604166015625 0.215740740234375 0.097395833984375 0.2231481484375 0.096875 0.240740740234375 0.105208333984375 0.25462962890625
1 0.159895833984375 0.241666666015625 0.168229166015625 0.240740740234375 0.176041666015625 0.22407407421875 0.173958333984375 0.214814814453125 0.168229166015625 0.208333333984375 0.159375 0.209259259765625 0.152083333984375 0.22037037109375 0.152604166015625 0.231481482421875 0.159895833984375 0.241666666015625
2 0.6296875 0.40092592578125 0.679166666015625 0.436111111328125 0.706770833984375 0.432407408203125 0.7109375 0.428703703125 0.7140625 0.416666666015625 0.715625 0.39722222265625 0.710416666015625 0.3768518515625 0.682291666015625 0.35 0.642708333984375 0.34537037109375 0.628645833984375 0.35092592578125 0.6234375 0.358333333984375 0.625 0.385185185546875 0.6296875 0.40092592578125
2 0.529166666015625 0.403703703125 0.58125 0.443518517578125 0.6125 0.432407408203125 0.627083333984375 0.412037037109375 0.627083333984375 0.3981481484375 0.621354166015625 0.364814814453125 0.598958333984375 0.34537037109375 0.570833333984375 0.335185185546875 0.541666666015625 0.336111111328125 0.524479166015625 0.34722222265625 0.521354166015625 0.358333333984375 0.521875 0.387037037109375 0.529166666015625 0.403703703125
2 0.494270833984375 0.14537037109375 0.5109375 0.137962962890625 0.511979166015625 0.1268518515625 0.5078125 0.112962962890625 0.5015625 0.111111111328125 0.4875 0.117592591796875 0.476041666015625 0.133333333984375 0.477083333984375 0.142592591796875 0.494270833984375 0.14537037109375
2 0.573958333984375 0.110185185546875 0.584895833984375 0.10462962890625 0.5859375 0.09537037109375 0.581770833984375 0.085185185546875 0.5703125 0.086111111328125 0.555208333984375 0.09907407421875 0.557291666015625 0.107407408203125 0.573958333984375 0.110185185546875
2 0.705208333984375 0.0731481484375 0.715104166015625 0.0694444453125 0.714583333984375 0.061111111328125 0.7109375 0.056481482421875 0.704166666015625 0.056481482421875 0.700520833984375 0.063888888671875 0.700520833984375 0.07037037109375 0.705208333984375 0.0731481484375
2 0 0.99907407421875 0.008333333984375 0.99907407421875 0.030208333984375 0.971296296875 0.034895833984375 0.933333333984375 0.03125 0.908333333984375 0.019791666015625 0.87592592578125 0.013541666015625 0.867592591796875 0.002604166015625 0.868518517578125 0 0.8694444453125 0 0.99907407421875