2 0 0.961111111328125 0.005729166015625 0.9731481484375 0.015625 0.981481482421875 0.022916666015625 0.982407408203125 0.083333333984375 0.912037037109375 0.090104166015625 0.8981481484375 0.094791666015625 0.87407407421875 0.092708333984375 0.8518518515625 0.0828125 0.816666666015625 0.069791666015625 0.7944444453125 0.059895833984375 0.7944444453125 0.018229166015625 0.812037037109375 0 0.82777777734375 0 0.961111111328125
2 0 0.815740740234375 0.036979166015625 0.80277777734375 0.044270833984375 0.792592591796875 0.047395833984375 0.7444444453125 0.034895833984375 0.7 0.0296875 0.693518517578125 0.0234375 0.69537037109375 0 0.711111111328125 0 0.815740740234375
1 0 0.709259259765625 0.00625 0.710185185546875 0.030729166015625 0.689814814453125 0.027083333984375 0.656481482421875 0.022916666015625 0.64722222265625 0.013541666015625 0.643518517578125 0.003125 0.6481481484375 0 0.65092592578125 0 0.709259259765625
0 0.215625 0.32037037109375 0.235416666015625 0.325 0.280729166015625 0.291666666015625 0.291145833984375 0.267592591796875 0.286979166015625 0.2518518515625 0.25 0.25092592578125 0.2328125 0.262962962890625 0.213020833984375 0.2944444453125 0.211458333984375 0.306481482421875 0.215625 0.32037037109375
2 0.177083333984375 0.32222222265625 0.1921875 0.325 0.209375 0.306481482421875 0.225 0.278703703125 0.226690103515625 0.267386111328125 0.2216859375 0.264914814453125 0.200520833984375 0.267592591796875 0.178645833984375 0.293518517578125 0.174479166015625 0.30277777734375 0.174479166015625 0.316666666015625 0.177083333984375 0.32222222265625
2 0.4078125 0.22777777734375 0.428645833984375 0.233333333984375 0.452083333984375 0.212962962890625 0.4546875 0.20277777734375 0.453645833984375 0.185185185546875 0.449479166015625 0.175 0.438020833984375 0.1731481484375 0.425520833984375 0.17777777734375 0.40625 0.209259259765625 0.4046875 0.2194444453125 0.4078125 0.22777777734375
2 0.494270833984375 0.1731481484375 0.516145833984375 0.17962962890625 0.529166666015625 0.171296296875 0.534895833984375 0.159259259765625 0.535416666015625 0.143518517578125 0.5296875 0.133333333984375 0.5125 0.138888888671875 0.503125 0.14537037109375 0.494270833984375 0.158333333984375 0.4921875 0.167592591796875 0.494270833984375 0.1731481484375
0 0.372395833984375 0.196296296875 0.390625 0.1981481484375 0.418229166015625 0.184259259765625 0.4265625 0.168518517578125 0.4265625 0.162037037109375 0.425520833984375 0.1555555546875 0.421354166015625 0.1518518515625 0.3984375 0.15 0.383333333984375 0.158333333984375 0.369791666015625 0.178703703125 0.369791666015625 0.192592591796875 0.372395833984375 0.196296296875
1 0.453125 0.1731481484375 0.4703125 0.17777777734375 0.491145833984375 0.165740740234375 0.492708333984375 0.15092592578125 0.4859375 0.142592591796875 0.471875 0.142592591796875 0.4546875 0.158333333984375 0.4515625 0.163888888671875 0.453125 0.1731481484375
2 0.5015625 0.1305555546875 0.530729166015625 0.131481482421875 0.534895833984375 0.1268518515625 0.5375 0.1055555546875 0.5296875 0.09722222265625 0.522395833984375 0.09722222265625 0.5125 0.1018518515625 0.501041666015625 0.114814814453125 0.499369271484375 0.1235018515625 0.5015625 0.1305555546875
2 0.560177083984375 0.10512962890625 0.5671875 0.108333333984375 0.575 0.108333333984375 0.584895833984375 0.10462962890625 0.588020833984375 0.09907407421875 0.588541666015625 0.085185185546875 0.58125 0.0805555546875 0.5640625 0.088888888671875 0.559734896484375 0.097690740234375 0.559663541015625 0.100959259765625 0.560177083984375 0.10512962890625
1 0.601041666015625 0.109259259765625 0.616145833984375 0.110185185546875 0.622916666015625 0.106481482421875 0.623958333984375 0.103703703125 0.623958333984375 0.0981481484375 0.622395833984375 0.093518517578125 0.619270833984375 0.091666666015625 0.608854166015625 0.089814814453125 0.6 0.09907407421875 0.597916666015625 0.10277777734375 0.597395833984375 0.1055555546875 0.601041666015625 0.109259259765625
1 0.658946353515625 0.08372222265625 0.663541666015625 0.087962962890625 0.668229166015625 0.087962962890625 0.678125 0.081481482421875 0.678125 0.07777777734375 0.675 0.07037037109375 0.668005728515625 0.070317591796875 0.665671353515625 0.0727731484375 0.662820833984375 0.075261111328125 0.6602296875 0.078293517578125 0.658946353515625 0.08372222265625
2 0.650776041015625 0.076762037109375 0.656034375 0.080066666015625 0.6587640625 0.079991666015625 0.663334375 0.075978703125 0.665313021484375 0.0721481484375 0.665396875 0.069364814453125 0.6625 0.062962962890625 0.653645833984375 0.063888888671875 0.650345833984375 0.07152037109375 0.650460416015625 0.0735731484375 0.650776041015625 0.076762037109375
2 0.736979166015625 0.056481482421875 0.744270833984375 0.056481482421875 0.7453125 0.05462962890625 0.7453125 0.05 0.744791666015625 0.0481481484375 0.741666666015625 0.04537037109375 0.738541666015625 0.046296296875 0.7359375 0.05 0.735416666015625 0.053703703125 0.736979166015625 0.056481482421875
2 0.809375 0.07407407421875 0.8140625 0.07407407421875 0.815625 0.07037037109375 0.815104166015625 0.066666666015625 0.813596353515625 0.065692591796875 0.810416666015625 0.064814814453125 0.808617708984375 0.066362037109375 0.808055208984375 0.068025 0.808231771484375 0.071392591796875 0.809375 0.07407407421875
2 0.777083333984375 0.04907407421875 0.778125 0.05092592578125 0.7828125 0.05092592578125 0.784375 0.04907407421875 0.784375 0.046296296875 0.7828125 0.042592591796875 0.779166666015625 0.041666666015625 0.777604166015625 0.0444444453125 0.777083333984375 0.046296296875 0.777083333984375 0.04907407421875
2 0.817522916015625 0.077688888671875 0.817708333984375 0.081481482421875 0.8203125 0.082407408203125 0.822395833984375 0.082407408203125 0.8242 0.079764814453125 0.82388125 0.0789481484375 0.824575 0.077813888671875 0.824555728515625 0.076062037109375 0.824516666015625 0.073164814453125 0.821740625 0.0705 0.818895833984375 0.070336111328125 0.817796875 0.07235462890625 0.817705728515625 0.074333333984375 0.817522916015625 0.077688888671875
1 0.747916666015625 0.458333333984375 0.802604166015625 0.493518517578125 0.828125 0.471296296875 0.828125 0.4481481484375 0.808333333984375 0.4194444453125 0.79375 0.410185185546875 0.747916666015625 0.409259259765625 0.738541666015625 0.42222222265625 0.735416666015625 0.439814814453125 0.747916666015625 0.458333333984375
1 0.726041666015625 0.678703703125 0.8 0.75277777734375 0.802604166015625 0.7481481484375 0.81875 0.64722222265625 0.816666666015625 0.636111111328125 0.786458333984375 0.610185185546875 0.741666666015625 0.59907407421875 0.726041666015625 0.612037037109375 0.716666666015625 0.62962962890625 0.715625 0.637037037109375 0.715625 0.656481482421875 0.726041666015625 0.678703703125
1 0.825520833984375 0.7555555546875 0.840104166015625 0.7268518515625 0.847395833984375 0.681481482421875 0.834375 0.662962962890625 0.83125 0.662962962890625 0.8203125 0.685185185546875 0.819791666015625 0.75277777734375 0.825520833984375 0.7555555546875
2 0.759375 0.585185185546875 0.820833333984375 0.62407407421875 0.83125 0.560185185546875 0.831770833984375 0.52962962890625 0.820833333984375 0.5231481484375 0.774479166015625 0.512962962890625 0.763020833984375 0.518518517578125 0.753645833984375 0.535185185546875 0.752083333984375 0.558333333984375 0.759375 0.585185185546875
2 0.853125 0.637962962890625 0.866666666015625 0.612962962890625 0.869270833984375 0.591666666015625 0.8640625 0.562037037109375 0.8453125 0.534259259765625 0.838020833984375 0.587037037109375 0.834895833984375 0.640740740234375 0.853125 0.637962962890625
4 0.9484375 0.50092592578125 0.9640625 0.515740740234375 0.977083333984375 0.518518517578125 0.98125 0.49907407421875 0.980729166015625 0.47592592578125 0.978125 0.456481482421875 0.969270833984375 0.425 0.9609375 0.412962962890625 0.952604166015625 0.409259259765625 0.941666666015625 0.432407408203125 0.939583333984375 0.44907407421875 0.9484375 0.50092592578125