2 0.238020833984375 0.640740740234375 0.243229166015625 0.656481482421875 0.260416666015625 0.681481482421875 0.282291666015625 0.691666666015625 0.348958333984375 0.618518517578125 0.3578125 0.586111111328125 0.359375 0.55462962890625 0.349479166015625 0.538888888671875 0.3421875 0.533333333984375 0.334895833984375 0.52962962890625 0.31875 0.5305555546875 0.280729166015625 0.54907407421875 0.265625 0.564814814453125 0.24375 0.60092592578125 0.2375 0.6194444453125 0.238020833984375 0.640740740234375
2 0.1578125 0.591666666015625 0.171875 0.612037037109375 0.195833333984375 0.614814814453125 0.265625 0.54722222265625 0.270833333984375 0.528703703125 0.272916666015625 0.50462962890625 0.266145833984375 0.483333333984375 0.255208333984375 0.47407407421875 0.206770833984375 0.481481482421875 0.172916666015625 0.512037037109375 0.161458333984375 0.52592592578125 0.155729166015625 0.538888888671875 0.153645833984375 0.562037037109375 0.1578125 0.591666666015625
2 0.194791666015625 0.262037037109375 0.210416666015625 0.246296296875 0.2109375 0.237037037109375 0.208333333984375 0.228703703125 0.197395833984375 0.214814814453125 0.186979166015625 0.212962962890625 0.177083333984375 0.22222222265625 0.178125 0.25462962890625 0.194791666015625 0.262037037109375
2 0.108854166015625 0.315740740234375 0.122916666015625 0.310185185546875 0.1296875 0.30092592578125 0.129166666015625 0.288888888671875 0.116666666015625 0.264814814453125 0.103645833984375 0.27037037109375 0.100520833984375 0.2805555546875 0.1015625 0.30277777734375 0.108854166015625 0.315740740234375
2 0.084895833984375 0.3481481484375 0.0875 0.321296296875 0.077604166015625 0.30462962890625 0.070833333984375 0.308333333984375 0.065625 0.32037037109375 0.067708333984375 0.359259259765625 0.084895833984375 0.3481481484375
2 0.0671875 0.2305555546875 0.082291666015625 0.225 0.086458333984375 0.217592591796875 0.083854166015625 0.209259259765625 0.078645833984375 0.2055555546875 0.071354166015625 0.2055555546875 0.0640625 0.213888888671875 0.0640625 0.22592592578125 0.0671875 0.2305555546875
2 0.060416666015625 0.318518517578125 0.065625 0.318518517578125 0.077083333984375 0.30277777734375 0.076041666015625 0.289814814453125 0.070833333984375 0.27777777734375 0.063541666015625 0.275 0.056770833984375 0.282407408203125 0.056770833984375 0.3 0.060416666015625 0.318518517578125
4 0.019270833984375 0.987037037109375 0.028125 0.95 0.022916666015625 0.908333333984375 0.011979166015625 0.882407408203125 0.0015625 0.8731481484375 0 0.9944444453125 0.019270833984375 0.987037037109375
4 0.630729166015625 0.60462962890625 0.717708333984375 0.6731481484375 0.750520833984375 0.668518517578125 0.758333333984375 0.656481482421875 0.766145833984375 0.631481482421875 0.765625 0.5805555546875 0.758333333984375 0.561111111328125 0.700520833984375 0.5194444453125 0.6875 0.514814814453125 0.64375 0.5194444453125 0.630729166015625 0.52962962890625 0.619270833984375 0.553703703125 0.618229166015625 0.575 0.630729166015625 0.60462962890625
1 0.66875 0.5018518515625 0.7546875 0.5555555546875 0.763541666015625 0.55277777734375 0.775 0.528703703125 0.7734375 0.50462962890625 0.748958333984375 0.47222222265625 0.7265625 0.4518518515625 0.680729166015625 0.442592591796875 0.668229166015625 0.4481481484375 0.661458333984375 0.460185185546875 0.6609375 0.47962962890625 0.66875 0.5018518515625
1 0.6921875 0.4194444453125 0.7375 0.461111111328125 0.758854166015625 0.466666666015625 0.768229166015625 0.462962962890625 0.772395833984375 0.456481482421875 0.772395833984375 0.435185185546875 0.769270833984375 0.425 0.750520833984375 0.393518517578125 0.740625 0.385185185546875 0.702604166015625 0.3768518515625 0.690625 0.3805555546875 0.684895833984375 0.389814814453125 0.684895833984375 0.40462962890625 0.6921875 0.4194444453125
2 0.5171875 0.356481482421875 0.528645833984375 0.364814814453125 0.5546875 0.371296296875 0.588020833984375 0.337037037109375 0.591145833984375 0.317592591796875 0.588541666015625 0.30092592578125 0.584895833984375 0.29722222265625 0.571875 0.290740740234375 0.549479166015625 0.287962962890625 0.5296875 0.303703703125 0.5171875 0.3268518515625 0.5140625 0.337962962890625 0.5171875 0.356481482421875
2 0.701041666015625 0.20462962890625 0.7125 0.20462962890625 0.720833333984375 0.19537037109375 0.722916666015625 0.186111111328125 0.720833333984375 0.17592592578125 0.708854166015625 0.163888888671875 0.699479166015625 0.165740740234375 0.690625 0.181481482421875 0.689583333984375 0.19907407421875 0.701041666015625 0.20462962890625
2 0.605729166015625 0.212037037109375 0.627604166015625 0.217592591796875 0.640625 0.2055555546875 0.6421875 0.188888888671875 0.634375 0.1768518515625 0.621875 0.1731481484375 0.609895833984375 0.182407408203125 0.604166666015625 0.196296296875 0.603645833984375 0.208333333984375 0.605729166015625 0.212037037109375
2 0.7484375 0.111111111328125 0.758333333984375 0.112962962890625 0.760416666015625 0.109259259765625 0.760416666015625 0.093518517578125 0.753645833984375 0.091666666015625 0.746875 0.0981481484375 0.745833333984375 0.108333333984375 0.7484375 0.111111111328125
2 0.772395833984375 0.0981481484375 0.78125 0.09537037109375 0.779166666015625 0.081481482421875 0.771354166015625 0.081481482421875 0.7703125 0.092592591796875 0.772395833984375 0.0981481484375
0 0.584895833984375 0.1055555546875 0.5984375 0.0981481484375 0.597916666015625 0.082407408203125 0.584895833984375 0.07407407421875 0.570833333984375 0.087962962890625 0.570833333984375 0.103703703125 0.584895833984375 0.1055555546875
2 0.7296875 0.067592591796875 0.727083333984375 0.05462962890625 0.719791666015625 0.0555555546875 0.7171875 0.061111111328125 0.719270833984375 0.067592591796875 0.7296875 0.067592591796875
2 0.7890625 0.115740740234375 0.791859375 0.104646296875 0.782291666015625 0.0981481484375 0.779166666015625 0.1018518515625 0.778125 0.113888888671875 0.7890625 0.115740740234375
2 0.785344271484375 0.080959259765625 0.787827083984375 0.0847018515625 0.791145833984375 0.086111111328125 0.7953125 0.086111111328125 0.796875 0.084259259765625 0.797395833984375 0.081481482421875 0.797395833984375 0.075 0.796354166015625 0.07222222265625 0.794791666015625 0.071296296875 0.7921875 0.071296296875 0.789583333984375 0.07222222265625 0.787581771484375 0.072642591796875 0.786116666015625 0.076484259765625 0.785344271484375 0.080959259765625
2 0.80625 0.0694444453125 0.808333333984375 0.07222222265625 0.809895833984375 0.0731481484375 0.813541666015625 0.0731481484375 0.815625 0.07037037109375 0.815625 0.067592591796875 0.8140625 0.062962962890625 0.8125 0.062037037109375 0.809895833984375 0.062037037109375 0.8078125 0.063888888671875 0.80625 0.066666666015625 0.80625 0.0694444453125
2 0.82281875 0.072059259765625 0.822395833984375 0.07407407421875 0.824479166015625 0.0768518515625 0.828125 0.0768518515625 0.829166666015625 0.075 0.829166666015625 0.071296296875 0.828552603515625 0.067793517578125 0.827800521484375 0.066165740234375 0.825471353515625 0.065996296875 0.8243140625 0.066096296875 0.823372916015625 0.066682408203125 0.822769791015625 0.06867962890625 0.82281875 0.072059259765625
2 0.810352603515625 0.083432408203125 0.810522916015625 0.08469537109375 0.811059375 0.08569907421875 0.813541666015625 0.087037037109375 0.8171875 0.087037037109375 0.817708333984375 0.086111111328125 0.817044271484375 0.081758333984375 0.816666666015625 0.07777777734375 0.815104166015625 0.075 0.8141734375 0.074613888671875 0.811458333984375 0.075 0.811186458984375 0.077209259765625 0.810425521484375 0.080736111328125 0.810352603515625 0.083432408203125