0 0.4625 0.536111111328125 0.529166666015625 0.636111111328125 0.557291666015625 0.632407408203125 0.579166666015625 0.616666666015625 0.588020833984375 0.6 0.590625 0.587962962890625 0.5890625 0.558333333984375 0.5640625 0.5055555546875 0.535416666015625 0.465740740234375 0.494791666015625 0.439814814453125 0.449479166015625 0.464814814453125 0.452083333984375 0.491666666015625 0.4625 0.536111111328125
0 0.1296875 0.27592592578125 0.1359375 0.27222222265625 0.146354166015625 0.24722222265625 0.1421875 0.235185185546875 0.134375 0.22592592578125 0.122395833984375 0.22962962890625 0.1171875 0.238888888671875 0.11875 0.265740740234375 0.1296875 0.27592592578125
2 0.736979166015625 0.475 0.8140625 0.512962962890625 0.835416666015625 0.490740740234375 0.8359375 0.4805555546875 0.828645833984375 0.462962962890625 0.816666666015625 0.44907407421875 0.791145833984375 0.4305555546875 0.750520833984375 0.4231481484375 0.7390625 0.42962962890625 0.730208333984375 0.44537037109375 0.730208333984375 0.463888888671875 0.736979166015625 0.475
2 0.708854166015625 0.5481481484375 0.779166666015625 0.607407408203125 0.800520833984375 0.60277777734375 0.808854166015625 0.59537037109375 0.814583333984375 0.582407408203125 0.8234375 0.528703703125 0.8140625 0.512037037109375 0.777604166015625 0.486111111328125 0.728645833984375 0.47222222265625 0.7109375 0.4768518515625 0.703645833984375 0.485185185546875 0.697916666015625 0.5018518515625 0.697916666015625 0.52592592578125 0.708854166015625 0.5481481484375
2 0.4703125 0.1518518515625 0.490625 0.142592591796875 0.4921875 0.1305555546875 0.488020833984375 0.117592591796875 0.4765625 0.118518517578125 0.468229166015625 0.12222222265625 0.455729166015625 0.139814814453125 0.45625 0.15092592578125 0.4703125 0.1518518515625
2 0 0.825 0.040625 0.7981481484375 0.0484375 0.77222222265625 0.0484375 0.746296296875 0.043229166015625 0.72407407421875 0.0359375 0.707407408203125 0.025520833984375 0.703703703125 0 0.714814814453125 0 0.825
2 0 0.713888888671875 0.013020833984375 0.713888888671875 0.033333333984375 0.703703703125 0.040104166015625 0.67777777734375 0.040625 0.663888888671875 0.034895833984375 0.641666666015625 0.0234375 0.633333333984375 0.0125 0.635185185546875 0 0.641666666015625 0 0.713888888671875
2 0.164583333984375 0.24907407421875 0.175520833984375 0.241666666015625 0.177604166015625 0.2268518515625 0.169791666015625 0.209259259765625 0.1578125 0.206481482421875 0.15 0.216666666015625 0.15 0.240740740234375 0.164583333984375 0.24907407421875
2 0.079166666015625 0.236111111328125 0.088020833984375 0.236111111328125 0.097395833984375 0.2268518515625 0.096875 0.22037037109375 0.089583333984375 0.210185185546875 0.08125 0.211111111328125 0.077083333984375 0.217592591796875 0.077083333984375 0.233333333984375 0.079166666015625 0.236111111328125
0 0.1921875 0.264814814453125 0.209375 0.2555555546875 0.214583333984375 0.24722222265625 0.208333333984375 0.2268518515625 0.196354166015625 0.216666666015625 0.181770833984375 0.22592592578125 0.177083333984375 0.242592591796875 0.179166666015625 0.257407408203125 0.1921875 0.264814814453125
0 0.153645833984375 0.29722222265625 0.176041666015625 0.2768518515625 0.170833333984375 0.258333333984375 0.158333333984375 0.2444444453125 0.147916666015625 0.24537037109375 0.138541666015625 0.260185185546875 0.140104166015625 0.283333333984375 0.153645833984375 0.29722222265625
2 0.613020833984375 0.083333333984375 0.640625 0.085185185546875 0.640625 0.07222222265625 0.636979166015625 0.066666666015625 0.611458333984375 0.07777777734375 0.610416666015625 0.081481482421875 0.613020833984375 0.083333333984375
1 0 0.9305555546875 0.0109375 0.957407408203125 0.0328125 0.957407408203125 0.0953125 0.891666666015625 0.105729166015625 0.85092592578125 0.106770833984375 0.837962962890625 0.103125 0.82037037109375 0.0953125 0.80462962890625 0.085416666015625 0.7944444453125 0.079166666015625 0.793518517578125 0.029166666015625 0.816666666015625 0.0140625 0.833333333984375 0.004166666015625 0.85462962890625 0 0.868518517578125 0 0.9305555546875
1 0.279166666015625 0.262962962890625 0.3109375 0.241666666015625 0.317708333984375 0.232407408203125 0.321875 0.2194444453125 0.319270833984375 0.214814814453125 0.297395833984375 0.214814814453125 0.2828125 0.22037037109375 0.276041666015625 0.225 0.2609375 0.24722222265625 0.261979166015625 0.261111111328125 0.279166666015625 0.262962962890625
1 0.428645833984375 0.20277777734375 0.456770833984375 0.188888888671875 0.458854166015625 0.171296296875 0.453125 0.163888888671875 0.433854166015625 0.162037037109375 0.411979166015625 0.185185185546875 0.411458333984375 0.19907407421875 0.428645833984375 0.20277777734375
1 0.116145833984375 0.32592592578125 0.1375 0.312037037109375 0.140104166015625 0.306481482421875 0.1375 0.29722222265625 0.121354166015625 0.27777777734375 0.1125 0.2805555546875 0.106770833984375 0.292592591796875 0.1078125 0.314814814453125 0.116145833984375 0.32592592578125
1 0.390625 0.066666666015625 0.4046875 0.062037037109375 0.406770833984375 0.056481482421875 0.395833333984375 0.05 0.390104166015625 0.0518518515625 0.384895833984375 0.061111111328125 0.384375 0.064814814453125 0.390625 0.066666666015625
1 0.694791666015625 0.088888888671875 0.7046875 0.088888888671875 0.708333333984375 0.07777777734375 0.703125 0.067592591796875 0.69375 0.0731481484375 0.691145833984375 0.085185185546875 0.694791666015625 0.088888888671875
1 0.713020833984375 0.071296296875 0.719791666015625 0.067592591796875 0.7171875 0.059259259765625 0.710416666015625 0.062037037109375 0.708333333984375 0.067592591796875 0.713020833984375 0.071296296875
2 0.677083333984375 0.07037037109375 0.6828125 0.07222222265625 0.688020833984375 0.068518517578125 0.685416666015625 0.056481482421875 0.676041666015625 0.061111111328125 0.674479166015625 0.067592591796875 0.677083333984375 0.07037037109375
2 0.0078125 0.238888888671875 0.021875 0.233333333984375 0.026041666015625 0.2268518515625 0.025 0.22222222265625 0.013541666015625 0.216666666015625 0.00625 0.22407407421875 0.005208333984375 0.234259259765625 0.0078125 0.238888888671875
2 0.7265625 0.059259259765625 0.734895833984375 0.057407408203125 0.73125 0.04722222265625 0.725 0.05 0.724479166015625 0.057407408203125 0.7265625 0.059259259765625
2 0.748958333984375 0.053703703125 0.748958333984375 0.0481481484375 0.7453125 0.043518517578125 0.736979166015625 0.0481481484375 0.740625 0.053703703125 0.748958333984375 0.053703703125