0 0.3703125 0.491666666015625 0.380729166015625 0.5018518515625 0.394791666015625 0.506481482421875 0.421354166015625 0.506481482421875 0.480729166015625 0.446296296875 0.486458333984375 0.432407408203125 0.489583333984375 0.410185185546875 0.4859375 0.387037037109375 0.473958333984375 0.37777777734375 0.459895833984375 0.3731481484375 0.428125 0.37777777734375 0.4171875 0.383333333984375 0.3765625 0.42592592578125 0.366666666015625 0.440740740234375 0.366666666015625 0.481481482421875 0.3703125 0.491666666015625
0 0.108854166015625 0.256481482421875 0.116666666015625 0.25277777734375 0.122395833984375 0.234259259765625 0.113020833984375 0.2194444453125 0.105729166015625 0.22037037109375 0.097916666015625 0.2305555546875 0.099479166015625 0.2481481484375 0.108854166015625 0.256481482421875
0 0.7515625 0.14722222265625 0.75625 0.146296296875 0.761979166015625 0.135185185546875 0.761979166015625 0.1268518515625 0.758854166015625 0.121296296875 0.743229166015625 0.118518517578125 0.741145833984375 0.12592592578125 0.740625 0.139814814453125 0.7515625 0.14722222265625
2 0.471354166015625 0.1805555546875 0.475520833984375 0.188888888671875 0.494270833984375 0.191666666015625 0.511979166015625 0.182407408203125 0.514583333984375 0.17407407421875 0.5125 0.153703703125 0.503125 0.146296296875 0.491145833984375 0.15 0.477604166015625 0.162962962890625 0.471354166015625 0.17407407421875 0.471354166015625 0.1805555546875
2 0.608333333984375 0.131481482421875 0.6234375 0.12592592578125 0.6265625 0.115740740234375 0.625520833984375 0.106481482421875 0.621875 0.10092592578125 0.607291666015625 0.10277777734375 0.595833333984375 0.115740740234375 0.597916666015625 0.1268518515625 0.608333333984375 0.131481482421875
2 0.701041666015625 0.066666666015625 0.700520833984375 0.059259259765625 0.696875 0.0555555546875 0.690104166015625 0.062037037109375 0.691666666015625 0.068518517578125 0.701041666015625 0.066666666015625
2 0.759895833984375 0.585185185546875 0.8140625 0.62407407421875 0.8234375 0.612962962890625 0.8265625 0.57777777734375 0.822395833984375 0.556481482421875 0.8015625 0.52037037109375 0.771875 0.513888888671875 0.7625 0.52037037109375 0.752604166015625 0.5444444453125 0.752604166015625 0.558333333984375 0.759895833984375 0.585185185546875
2 0.852083333984375 0.638888888671875 0.8640625 0.618518517578125 0.869791666015625 0.5981481484375 0.864583333984375 0.563888888671875 0.8609375 0.556481482421875 0.844270833984375 0.541666666015625 0.841666666015625 0.546296296875 0.838020833984375 0.584259259765625 0.834375 0.639814814453125 0.852083333984375 0.638888888671875
2 0.86875 0.5694444453125 0.9140625 0.591666666015625 0.933333333984375 0.5805555546875 0.936979166015625 0.57407407421875 0.938541666015625 0.553703703125 0.936458333984375 0.525 0.921875 0.50092592578125 0.893229166015625 0.487962962890625 0.877604166015625 0.487037037109375 0.849479166015625 0.49722222265625 0.845833333984375 0.50462962890625 0.844791666015625 0.537037037109375 0.86875 0.5694444453125
1 0.746354166015625 0.456481482421875 0.803125 0.4944444453125 0.823958333984375 0.4731481484375 0.8296875 0.459259259765625 0.829166666015625 0.44907407421875 0.815625 0.42962962890625 0.793229166015625 0.410185185546875 0.750520833984375 0.409259259765625 0.738541666015625 0.42222222265625 0.7359375 0.442592591796875 0.746354166015625 0.456481482421875
1 0.716666666015625 0.671296296875 0.788020833984375 0.739814814453125 0.793229166015625 0.742592591796875 0.802604166015625 0.737962962890625 0.810416666015625 0.712962962890625 0.81875 0.65462962890625 0.816666666015625 0.638888888671875 0.808333333984375 0.62777777734375 0.776041666015625 0.6018518515625 0.741666666015625 0.591666666015625 0.73125 0.592592591796875 0.718229166015625 0.60092592578125 0.707291666015625 0.6231481484375 0.70625 0.64722222265625 0.716666666015625 0.671296296875
1 0.824479166015625 0.7305555546875 0.835416666015625 0.69907407421875 0.838541666015625 0.6768518515625 0.836458333984375 0.666666666015625 0.830208333984375 0.665740740234375 0.821354166015625 0.712962962890625 0.820833333984375 0.72777777734375 0.824479166015625 0.7305555546875
1 0 0.714814814453125 0.019270833984375 0.712962962890625 0.025 0.70277777734375 0.03125 0.67962962890625 0.027604166015625 0.657407408203125 0.0234375 0.6481481484375 0.016145833984375 0.643518517578125 0.002604166015625 0.64907407421875 0 0.6518518515625 0 0.714814814453125
1 0.1421875 0.285185185546875 0.152604166015625 0.292592591796875 0.168229166015625 0.284259259765625 0.172395833984375 0.2768518515625 0.172395833984375 0.27222222265625 0.1609375 0.2555555546875 0.147916666015625 0.257407408203125 0.141145833984375 0.265740740234375 0.140104166015625 0.27777777734375 0.1421875 0.285185185546875
2 0.194270833984375 0.263888888671875 0.206770833984375 0.25462962890625 0.2109375 0.246296296875 0.203125 0.2268518515625 0.1953125 0.22037037109375 0.185416666015625 0.22037037109375 0.176041666015625 0.232407408203125 0.178645833984375 0.266666666015625 0.194270833984375 0.263888888671875
2 0.096354166015625 0.3 0.102083333984375 0.296296296875 0.113541666015625 0.268518517578125 0.106770833984375 0.2555555546875 0.0984375 0.24907407421875 0.088020833984375 0.262037037109375 0.089583333984375 0.289814814453125 0.096354166015625 0.3
2 0.105208333984375 0.308333333984375 0.115104166015625 0.32222222265625 0.133854166015625 0.30462962890625 0.13125 0.288888888671875 0.119791666015625 0.271296296875 0.111458333984375 0.27037037109375 0.103645833984375 0.27962962890625 0.1015625 0.286111111328125 0.105208333984375 0.308333333984375
2 0.120833333984375 0.267592591796875 0.126041666015625 0.2731481484375 0.140104166015625 0.264814814453125 0.144791666015625 0.256481482421875 0.140625 0.242592591796875 0.1328125 0.233333333984375 0.123958333984375 0.233333333984375 0.119270833984375 0.243518517578125 0.117708333984375 0.2555555546875 0.120833333984375 0.267592591796875
0 0.0671875 0.264814814453125 0.078645833984375 0.241666666015625 0.071354166015625 0.233333333984375 0.0640625 0.239814814453125 0.059895833984375 0.25277777734375 0.0671875 0.264814814453125
0 0.085416666015625 0.2805555546875 0.088541666015625 0.2731481484375 0.090104166015625 0.2481481484375 0.081770833984375 0.243518517578125 0.077083333984375 0.25462962890625 0.078125 0.275 0.085416666015625 0.2805555546875
2 0.046875 0.2481481484375 0.051041666015625 0.228703703125 0.04375 0.22407407421875 0.038020833984375 0.231481482421875 0.0390625 0.2481481484375 0.046875 0.2481481484375
2 0.0578125 0.256481482421875 0.0640625 0.233333333984375 0.05625 0.22777777734375 0.052604166015625 0.22962962890625 0.049479166015625 0.238888888671875 0.048958333984375 0.25092592578125 0.0578125 0.256481482421875
2 0.053125 0.2 0.0578125 0.19537037109375 0.058333333984375 0.187037037109375 0.056770833984375 0.183333333984375 0.049479166015625 0.184259259765625 0.039583333984375 0.196296296875 0.039583333984375 0.20277777734375 0.053125 0.2
1 0.8921875 0.113888888671875 0.890104166015625 0.10462962890625 0.886458333984375 0.103703703125 0.884375 0.108333333984375 0.886458333984375 0.115740740234375 0.8921875 0.113888888671875
2 0.4390625 0.05 0.463020833984375 0.042592591796875 0.461458333984375 0.037962962890625 0.453125 0.034259259765625 0.443229166015625 0.035185185546875 0.438020833984375 0.040740740234375 0.436979166015625 0.04722222265625 0.4390625 0.05