4 0.383854166015625 0.30277777734375 0.401041666015625 0.312962962890625 0.45625 0.3018518515625 0.466145833984375 0.292592591796875 0.46875 0.2805555546875 0.463541666015625 0.263888888671875 0.4359375 0.24722222265625 0.400520833984375 0.25 0.385416666015625 0.256481482421875 0.382291666015625 0.264814814453125 0.381770833984375 0.296296296875 0.383854166015625 0.30277777734375
4 0.654166666015625 0.232407408203125 0.675 0.22222222265625 0.677604166015625 0.216666666015625 0.677604166015625 0.206481482421875 0.672916666015625 0.19537037109375 0.6640625 0.189814814453125 0.648958333984375 0.189814814453125 0.639583333984375 0.19907407421875 0.636979166015625 0.209259259765625 0.636979166015625 0.221296296875 0.654166666015625 0.232407408203125
2 0.747916666015625 0.575 0.8109375 0.6305555546875 0.819270833984375 0.62962962890625 0.826041666015625 0.615740740234375 0.832291666015625 0.528703703125 0.809375 0.512037037109375 0.765104166015625 0.4981481484375 0.744270833984375 0.50462962890625 0.7359375 0.525 0.7359375 0.55 0.747916666015625 0.575
2 0.838020833984375 0.62037037109375 0.852083333984375 0.5694444453125 0.8421875 0.5444444453125 0.836458333984375 0.596296296875 0.834895833984375 0.616666666015625 0.838020833984375 0.62037037109375
0 0.4109375 0.17037037109375 0.432291666015625 0.17407407421875 0.45625 0.161111111328125 0.4609375 0.15092592578125 0.461458333984375 0.133333333984375 0.446354166015625 0.128703703125 0.427604166015625 0.132407408203125 0.4125 0.14907407421875 0.409895833984375 0.156481482421875 0.408854166015625 0.165740740234375 0.4109375 0.17037037109375
2 0.475520833984375 0.185185185546875 0.4953125 0.190740740234375 0.51875 0.17777777734375 0.521875 0.162037037109375 0.51875 0.14722222265625 0.503645833984375 0.142592591796875 0.489583333984375 0.1518518515625 0.473958333984375 0.17407407421875 0.4734375 0.182407408203125 0.475520833984375 0.185185185546875
1 0.404166666015625 0.24907407421875 0.459895833984375 0.260185185546875 0.470833333984375 0.24907407421875 0.46875 0.235185185546875 0.4390625 0.22037037109375 0.421875 0.2231481484375 0.401041666015625 0.237962962890625 0.400520833984375 0.243518517578125 0.404166666015625 0.24907407421875
2 0.672395833984375 0.165740740234375 0.6859375 0.171296296875 0.696354166015625 0.162962962890625 0.695833333984375 0.14722222265625 0.688541666015625 0.137037037109375 0.677083333984375 0.136111111328125 0.669791666015625 0.1444444453125 0.667708333984375 0.161111111328125 0.672395833984375 0.165740740234375
4 0 0.99907407421875 0.147916666015625 0.99907407421875 0.1578125 0.97222222265625 0.158854166015625 0.959259259765625 0.1578125 0.9444444453125 0.147395833984375 0.908333333984375 0.134375 0.886111111328125 0.115625 0.8731481484375 0.078125 0.886111111328125 0.064583333984375 0.896296296875 0.014583333984375 0.9518518515625 0.0046875 0.97037037109375 0 0.9805555546875 0 0.99907407421875
2 0.5609375 0.15092592578125 0.577604166015625 0.1444444453125 0.580729166015625 0.131481482421875 0.577604166015625 0.115740740234375 0.566666666015625 0.112962962890625 0.552083333984375 0.125 0.544791666015625 0.138888888671875 0.545833333984375 0.146296296875 0.5609375 0.15092592578125
1 0.619791666015625 0.1231481484375 0.63125 0.117592591796875 0.6328125 0.10462962890625 0.617708333984375 0.09907407421875 0.602083333984375 0.110185185546875 0.6015625 0.117592591796875 0.619791666015625 0.1231481484375
1 0.590625 0.113888888671875 0.591145833984375 0.103703703125 0.584895833984375 0.09722222265625 0.575520833984375 0.0981481484375 0.560416666015625 0.112037037109375 0.585416666015625 0.117592591796875 0.590625 0.113888888671875
2 0.5328125 0.12777777734375 0.552083333984375 0.09907407421875 0.547395833984375 0.09537037109375 0.5359375 0.096296296875 0.5203125 0.112037037109375 0.51875 0.1194444453125 0.5328125 0.12777777734375
2 0.508854166015625 0.137962962890625 0.513020833984375 0.128703703125 0.513541666015625 0.1194444453125 0.507291666015625 0.111111111328125 0.495833333984375 0.111111111328125 0.4875 0.116666666015625 0.48125 0.1268518515625 0.480208333984375 0.131481482421875 0.508854166015625 0.137962962890625
2 0.4734375 0.1731481484375 0.502083333984375 0.139814814453125 0.494791666015625 0.133333333984375 0.477083333984375 0.134259259765625 0.4625 0.15 0.458333333984375 0.159259259765625 0.459375 0.165740740234375 0.4734375 0.1731481484375
0 0.380208333984375 0.060185185546875 0.394270833984375 0.056481482421875 0.401041666015625 0.05277777734375 0.405729166015625 0.043518517578125 0.388020833984375 0.0444444453125 0.377083333984375 0.0555555546875 0.377083333984375 0.059259259765625 0.380208333984375 0.060185185546875
1 0.14375 0.192592591796875 0.1515625 0.185185185546875 0.152083333984375 0.17962962890625 0.1484375 0.17037037109375 0.140625 0.17037037109375 0.130208333984375 0.1768518515625 0.127604166015625 0.184259259765625 0.129166666015625 0.193518517578125 0.14375 0.192592591796875
2 0.147395833984375 0.163888888671875 0.1671875 0.15462962890625 0.171408853515625 0.145828703125 0.165709896484375 0.134016666015625 0.153125 0.141666666015625 0.144270833984375 0.15462962890625 0.144270833984375 0.161111111328125 0.147395833984375 0.163888888671875
2 0.16796875 0.1611328125 0.0009765625 0.0068359375
1 0.0671875 0.262962962890625 0.075520833984375 0.262037037109375 0.084375 0.2518518515625 0.075 0.235185185546875 0.066666666015625 0.235185185546875 0.060416666015625 0.241666666015625 0.060416666015625 0.253703703125 0.0671875 0.262962962890625
2 0.244791666015625 0.1305555546875 0.265104166015625 0.114814814453125 0.261979166015625 0.109259259765625 0.2515625 0.108333333984375 0.240104166015625 0.117592591796875 0.239583333984375 0.1231481484375 0.244791666015625 0.1305555546875
2 0 0.958333333984375 0.008333333984375 0.9555555546875 0.026041666015625 0.939814814453125 0.046875 0.908333333984375 0.043229166015625 0.883333333984375 0.030729166015625 0.841666666015625 0.018229166015625 0.82592592578125 0.00625 0.82962962890625 0 0.834259259765625 0 0.958333333984375
2 0 0.831481482421875 0.0296875 0.812962962890625 0.038020833984375 0.79722222265625 0.041145833984375 0.77962962890625 0.041666666015625 0.761111111328125 0.033854166015625 0.731481482421875 0.025520833984375 0.721296296875 0.013020833984375 0.7231481484375 0 0.732407408203125 0 0.831481482421875
0 0.615625 0.083333333984375 0.6375 0.086111111328125 0.6390625 0.081481482421875 0.636979166015625 0.0694444453125 0.627604166015625 0.064814814453125 0.61875 0.066666666015625 0.610416666015625 0.07592592578125 0.6109375 0.081481482421875 0.615625 0.083333333984375