2 0.45625 0.34907407421875 0.497916666015625 0.37777777734375 0.5265625 0.365740740234375 0.538541666015625 0.35 0.5375 0.325 0.529166666015625 0.308333333984375 0.5046875 0.292592591796875 0.490625 0.291666666015625 0.466666666015625 0.3 0.455208333984375 0.308333333984375 0.452083333984375 0.316666666015625 0.451041666015625 0.331481482421875 0.45625 0.34907407421875
2 0.541666666015625 0.336111111328125 0.586458333984375 0.365740740234375 0.608854166015625 0.358333333984375 0.618229166015625 0.3518518515625 0.622916666015625 0.341666666015625 0.621354166015625 0.3231481484375 0.616666666015625 0.311111111328125 0.605208333984375 0.2981481484375 0.589583333984375 0.288888888671875 0.553125 0.289814814453125 0.543229166015625 0.296296296875 0.538541666015625 0.30462962890625 0.538020833984375 0.321296296875 0.541666666015625 0.336111111328125
1 0.903125 0.6268518515625 0.955729166015625 0.67592592578125 0.969270833984375 0.675 0.976041666015625 0.661111111328125 0.979166666015625 0.637037037109375 0.977604166015625 0.608333333984375 0.949479166015625 0.57592592578125 0.903645833984375 0.564814814453125 0.895833333984375 0.575 0.8921875 0.590740740234375 0.8921875 0.607407408203125 0.903125 0.6268518515625
1 0.942708333984375 0.766666666015625 0.999479166015625 0.821296296875 0.999479166015625 0.7018518515625 0.947395833984375 0.683333333984375 0.938541666015625 0.687962962890625 0.93125 0.7018518515625 0.928125 0.716666666015625 0.9296875 0.740740740234375 0.942708333984375 0.766666666015625
1 0.5734375 0.106481482421875 0.592708333984375 0.103703703125 0.596875 0.0981481484375 0.595833333984375 0.087962962890625 0.5921875 0.084259259765625 0.58125 0.086111111328125 0.571875 0.0981481484375 0.571354166015625 0.10462962890625 0.5734375 0.106481482421875
1 0.051041666015625 0.212962962890625 0.063541666015625 0.212037037109375 0.06875 0.206481482421875 0.068229166015625 0.19907407421875 0.064583333984375 0.1944444453125 0.052604166015625 0.19537037109375 0.05 0.20462962890625 0.051041666015625 0.212962962890625
4 0.508333333984375 0.137962962890625 0.520833333984375 0.109259259765625 0.516145833984375 0.10462962890625 0.503645833984375 0.106481482421875 0.49375 0.112962962890625 0.483854166015625 0.12777777734375 0.5015625 0.141666666015625 0.508333333984375 0.137962962890625
4 0.4296875 0.164814814453125 0.445833333984375 0.165740740234375 0.4578125 0.158333333984375 0.469791666015625 0.136111111328125 0.466145833984375 0.1268518515625 0.452604166015625 0.12592592578125 0.438541666015625 0.132407408203125 0.427083333984375 0.15 0.4265625 0.159259259765625 0.4296875 0.164814814453125
4 0.677083333984375 0.064814814453125 0.690104166015625 0.057407408203125 0.689583333984375 0.05092592578125 0.686458333984375 0.0481481484375 0.679166666015625 0.0481481484375 0.674479166015625 0.053703703125 0.6734375 0.060185185546875 0.677083333984375 0.064814814453125
2 0.484375 0.181481482421875 0.502604166015625 0.186111111328125 0.523958333984375 0.175 0.527083333984375 0.164814814453125 0.5234375 0.1481481484375 0.5109375 0.139814814453125 0.494791666015625 0.14907407421875 0.4828125 0.167592591796875 0.482291666015625 0.17777777734375 0.484375 0.181481482421875
2 0.477604166015625 0.171296296875 0.497916666015625 0.143518517578125 0.491666666015625 0.132407408203125 0.482291666015625 0.132407408203125 0.469791666015625 0.139814814453125 0.459895833984375 0.1555555546875 0.460416666015625 0.168518517578125 0.477604166015625 0.171296296875
2 0.553645833984375 0.116666666015625 0.5609375 0.114814814453125 0.5640625 0.108333333984375 0.5625 0.0944444453125 0.559375 0.090740740234375 0.547916666015625 0.091666666015625 0.541145833984375 0.09907407421875 0.5421875 0.106481482421875 0.553645833984375 0.116666666015625
2 0.69375 0.07962962890625 0.696354166015625 0.07592592578125 0.695833333984375 0.066666666015625 0.6890625 0.059259259765625 0.680208333984375 0.0694444453125 0.681770833984375 0.078703703125 0.69375 0.07962962890625
2 0.619270833984375 0.090740740234375 0.617708333984375 0.07407407421875 0.608333333984375 0.07407407421875 0.6078125 0.0944444453125 0.619270833984375 0.090740740234375
2 0.174479166015625 0.25277777734375 0.185416666015625 0.257407408203125 0.205729166015625 0.240740740234375 0.204166666015625 0.231481482421875 0.196354166015625 0.217592591796875 0.190104166015625 0.212962962890625 0.1796875 0.212962962890625 0.170833333984375 0.2231481484375 0.1703125 0.241666666015625 0.174479166015625 0.25277777734375
2 0.1515625 0.288888888671875 0.165104166015625 0.285185185546875 0.174479166015625 0.27222222265625 0.171875 0.259259259765625 0.159895833984375 0.24537037109375 0.146875 0.243518517578125 0.1390625 0.253703703125 0.140625 0.2805555546875 0.1515625 0.288888888671875
2 0.1515625 0.237037037109375 0.163020833984375 0.242592591796875 0.16875 0.239814814453125 0.173958333984375 0.213888888671875 0.171875 0.208333333984375 0.1609375 0.203703703125 0.152083333984375 0.213888888671875 0.15 0.2305555546875 0.1515625 0.237037037109375
2 0.140104166015625 0.232407408203125 0.148958333984375 0.2268518515625 0.152083333984375 0.2194444453125 0.152604166015625 0.208333333984375 0.146354166015625 0.19907407421875 0.138020833984375 0.19907407421875 0.132291666015625 0.206481482421875 0.1328125 0.2268518515625 0.140104166015625 0.232407408203125
2 0.130208333984375 0.266666666015625 0.136458333984375 0.264814814453125 0.1421875 0.24537037109375 0.131770833984375 0.22962962890625 0.120833333984375 0.233333333984375 0.11875 0.241666666015625 0.119270833984375 0.257407408203125 0.130208333984375 0.266666666015625
2 0.091666666015625 0.241666666015625 0.096354166015625 0.237962962890625 0.101041666015625 0.22222222265625 0.097916666015625 0.212037037109375 0.0921875 0.208333333984375 0.0859375 0.209259259765625 0.081770833984375 0.217592591796875 0.083333333984375 0.236111111328125 0.091666666015625 0.241666666015625
0 0.119270833984375 0.317592591796875 0.140625 0.3 0.1390625 0.281481482421875 0.127083333984375 0.262962962890625 0.119270833984375 0.262962962890625 0.108333333984375 0.27222222265625 0.1078125 0.3 0.119270833984375 0.317592591796875
0 0.109375 0.2555555546875 0.118229166015625 0.2481481484375 0.120833333984375 0.234259259765625 0.1125 0.218518517578125 0.104166666015625 0.2194444453125 0.0984375 0.232407408203125 0.101041666015625 0.24722222265625 0.109375 0.2555555546875
0 0.1890625 0.1444444453125 0.2125 0.132407408203125 0.216666666015625 0.12592592578125 0.213541666015625 0.118518517578125 0.205208333984375 0.114814814453125 0.196354166015625 0.118518517578125 0.188541666015625 0.12962962890625 0.1859375 0.140740740234375 0.1890625 0.1444444453125
0 0.404166666015625 0.167592591796875 0.427083333984375 0.15092592578125 0.436979166015625 0.133333333984375 0.434375 0.12962962890625 0.409895833984375 0.125 0.386458333984375 0.14722222265625 0.3875 0.164814814453125 0.404166666015625 0.167592591796875
0 0.5265625 0.1481481484375 0.5484375 0.137037037109375 0.552083333984375 0.12037037109375 0.547395833984375 0.111111111328125 0.532291666015625 0.106481482421875 0.521354166015625 0.112962962890625 0.510416666015625 0.12777777734375 0.5109375 0.137962962890625 0.5265625 0.1481481484375
2 0.138541666015625 0.1694444453125 0.155729166015625 0.161111111328125 0.157291666015625 0.15277777734375 0.153125 0.146296296875 0.146875 0.146296296875 0.133333333984375 0.160185185546875 0.133333333984375 0.167592591796875 0.138541666015625 0.1694444453125
2 0 0.987962962890625 0.044270833984375 0.960185185546875 0.0484375 0.95277777734375 0.052083333984375 0.935185185546875 0.054166666015625 0.908333333984375 0.051041666015625 0.887037037109375 0.034895833984375 0.8518518515625 0.022395833984375 0.846296296875 0 0.8518518515625 0 0.987962962890625
1 0 0.834259259765625 0.008854166015625 0.828703703125 0.016666666015625 0.789814814453125 0.011979166015625 0.760185185546875 0.008854166015625 0.75092592578125 0.002083333984375 0.743518517578125 0 0.743518517578125 0 0.834259259765625