0 0.636979166015625 0.60277777734375 0.738020833984375 0.693518517578125 0.7765625 0.690740740234375 0.7953125 0.640740740234375 0.798958333984375 0.611111111328125 0.796875 0.6018518515625 0.744270833984375 0.539814814453125 0.7109375 0.516666666015625 0.663020833984375 0.506481482421875 0.65 0.508333333984375 0.6359375 0.52407407421875 0.627604166015625 0.55462962890625 0.627083333984375 0.5731481484375 0.636979166015625 0.60277777734375
0 0.386458333984375 0.290740740234375 0.418229166015625 0.289814814453125 0.434375 0.253703703125 0.4359375 0.221296296875 0.43125 0.217592591796875 0.403125 0.2194444453125 0.386458333984375 0.2444444453125 0.381770833984375 0.264814814453125 0.38125 0.27407407421875 0.386458333984375 0.290740740234375
4 0.480729166015625 0.15 0.5046875 0.139814814453125 0.50625 0.128703703125 0.502083333984375 0.113888888671875 0.491145833984375 0.112037037109375 0.476041666015625 0.12037037109375 0.463541666015625 0.138888888671875 0.465104166015625 0.146296296875 0.480729166015625 0.15
4 0.947916666015625 0.738888888671875 0.969791666015625 0.765740740234375 0.982291666015625 0.77037037109375 0.9890625 0.768518517578125 0.9953125 0.746296296875 0.999479166015625 0.689814814453125 0.982291666015625 0.606481482421875 0.970833333984375 0.5944444453125 0.961458333984375 0.593518517578125 0.946875 0.6194444453125 0.94375 0.636111111328125 0.942708333984375 0.661111111328125 0.947916666015625 0.738888888671875
1 0 0.99907407421875 0.013020833984375 0.99907407421875 0.067708333984375 0.933333333984375 0.081770833984375 0.887962962890625 0.081770833984375 0.878703703125 0.072395833984375 0.85092592578125 0.058333333984375 0.828703703125 0.045833333984375 0.82777777734375 0.018229166015625 0.837962962890625 0 0.853703703125 0 0.99907407421875
1 0.292708333984375 0.263888888671875 0.311458333984375 0.266666666015625 0.343229166015625 0.246296296875 0.348958333984375 0.237962962890625 0.35 0.22777777734375 0.3484375 0.221296296875 0.343229166015625 0.216666666015625 0.322395833984375 0.216666666015625 0.309375 0.2231481484375 0.290625 0.24907407421875 0.290104166015625 0.258333333984375 0.292708333984375 0.263888888671875
2 0.352083333984375 0.218518517578125 0.360416666015625 0.206481482421875 0.360416666015625 0.19907407421875 0.354166666015625 0.181481482421875 0.340104166015625 0.1805555546875 0.327604166015625 0.187037037109375 0.308854166015625 0.212962962890625 0.309895833984375 0.22222222265625 0.352083333984375 0.218518517578125
2 0.5252875 0.120746296875 0.53385625 0.123106482421875 0.5453390625 0.11912962890625 0.553125 0.112037037109375 0.553125 0.106481482421875 0.552604166015625 0.1018518515625 0.549479166015625 0.093518517578125 0.5359375 0.093518517578125 0.527502083984375 0.1032444453125 0.523171353515625 0.111914814453125 0.52448125 0.117562037109375 0.5252875 0.120746296875
2 0.719270833984375 0.067592591796875 0.722395833984375 0.068518517578125 0.727604166015625 0.068518517578125 0.729166666015625 0.067592591796875 0.7296875 0.065740740234375 0.728913541015625 0.060041666015625 0.727772396484375 0.05810092578125 0.726183853515625 0.0557944453125 0.72435 0.054618517578125 0.722176041015625 0.05405 0.720124478515625 0.05529537109375 0.718873958984375 0.05772222265625 0.7171875 0.063888888671875 0.719270833984375 0.067592591796875
2 0.796354166015625 0.053703703125 0.800520833984375 0.053703703125 0.8015625 0.0518518515625 0.8015625 0.046296296875 0.800520833984375 0.0444444453125 0.796354166015625 0.0444444453125 0.795833333984375 0.046296296875 0.7953125 0.05092592578125 0.796354166015625 0.053703703125
2 0.780729166015625 0.05 0.7828125 0.05 0.784895833984375 0.0481481484375 0.784948958984375 0.047362962890625 0.784740625 0.04574722265625 0.783604166015625 0.04457222265625 0.781655728515625 0.04415 0.7796875 0.0444444453125 0.779166666015625 0.0481481484375 0.780729166015625 0.05
0 0.755208333984375 0.0555555546875 0.7609375 0.057407408203125 0.763020833984375 0.057407408203125 0.7640625 0.056481482421875 0.764583333984375 0.05462962890625 0.764583333984375 0.0481481484375 0.7640625 0.046296296875 0.761979166015625 0.0444444453125 0.7578125 0.0444444453125 0.756770833984375 0.04537037109375 0.7546875 0.05 0.754166666015625 0.053703703125 0.755208333984375 0.0555555546875
0 0.718679166015625 0.0557444453125 0.720402603515625 0.05605092578125 0.723446353515625 0.056637962890625 0.72671875 0.05704537109375 0.728336978515625 0.056190740234375 0.729070833984375 0.055918517578125 0.729166666015625 0.0518518515625 0.728645833984375 0.0481481484375 0.727604166015625 0.04537037109375 0.726041666015625 0.0444444453125 0.721875 0.0444444453125 0.719270833984375 0.046296296875 0.717708333984375 0.05 0.717830208984375 0.0540944453125 0.718679166015625 0.0557444453125