3 0.319270833984375 0.203703703125 0.45625 0.1481481484375 0.460416666015625 0.135185185546875 0.451041666015625 0.0981481484375 0.438020833984375 0.0981481484375 0.320833333984375 0.132407408203125 0.3 0.1805555546875 0.3015625 0.2 0.319270833984375 0.203703703125
3 0.3390625 0.228703703125 0.374479166015625 0.206481482421875 0.380208333984375 0.196296296875 0.379166666015625 0.175 0.3734375 0.168518517578125 0.3546875 0.171296296875 0.338020833984375 0.1805555546875 0.317708333984375 0.203703703125 0.317708333984375 0.225 0.3390625 0.228703703125
2 0.381770833984375 0.27222222265625 0.383333333984375 0.25462962890625 0.376041666015625 0.25462962890625 0.3734375 0.265740740234375 0.381770833984375 0.27222222265625
2 0.3265625 0.22777777734375 0.370833333984375 0.214814814453125 0.380208333984375 0.196296296875 0.380729166015625 0.178703703125 0.372916666015625 0.166666666015625 0.355208333984375 0.17037037109375 0.338020833984375 0.181481482421875 0.316666666015625 0.206481482421875 0.3171875 0.22407407421875 0.3265625 0.22777777734375
2 0.141145833984375 0.617592591796875 0.151041666015625 0.632407408203125 0.178125 0.636111111328125 0.242708333984375 0.571296296875 0.253125 0.540740740234375 0.255729166015625 0.521296296875 0.238020833984375 0.496296296875 0.229166666015625 0.491666666015625 0.188541666015625 0.4981481484375 0.151041666015625 0.52962962890625 0.1375 0.55 0.1359375 0.57592592578125 0.141145833984375 0.617592591796875
2 0 0.8268518515625 0.007291666015625 0.82407407421875 0.026041666015625 0.803703703125 0.05 0.75462962890625 0.034895833984375 0.712962962890625 0.022395833984375 0.709259259765625 0 0.713888888671875 0 0.8268518515625
2 0.7 0.6555555546875 0.7828125 0.738888888671875 0.7953125 0.738888888671875 0.807291666015625 0.714814814453125 0.8171875 0.662037037109375 0.820833333984375 0.62037037109375 0.8015625 0.5981481484375 0.784895833984375 0.583333333984375 0.764583333984375 0.57222222265625 0.723958333984375 0.565740740234375 0.703125 0.57592592578125 0.6921875 0.603703703125 0.694791666015625 0.643518517578125 0.7 0.6555555546875
2 0.621354166015625 0.081481482421875 0.6359375 0.085185185546875 0.644270833984375 0.083333333984375 0.647916666015625 0.075 0.646875 0.063888888671875 0.644270833984375 0.061111111328125 0.623958333984375 0.060185185546875 0.6171875 0.071296296875 0.616666666015625 0.0768518515625 0.621354166015625 0.081481482421875
1 0.46875 0.162962962890625 0.488020833984375 0.165740740234375 0.505729166015625 0.139814814453125 0.500520833984375 0.131481482421875 0.483333333984375 0.132407408203125 0.465625 0.15 0.464583333984375 0.157407408203125 0.46875 0.162962962890625
1 0.492708333984375 0.175 0.5140625 0.17962962890625 0.529166666015625 0.17222222265625 0.536458333984375 0.157407408203125 0.5328125 0.139814814453125 0.51875 0.135185185546875 0.510416666015625 0.138888888671875 0.4921875 0.161111111328125 0.489583333984375 0.171296296875 0.492708333984375 0.175
1 0.678125 0.0805555546875 0.6859375 0.082407408203125 0.6890625 0.07777777734375 0.686458333984375 0.066666666015625 0.679166666015625 0.068518517578125 0.676041666015625 0.07407407421875 0.678125 0.0805555546875
1 0.713541666015625 0.062037037109375 0.715104166015625 0.058333333984375 0.7109375 0.05092592578125 0.703645833984375 0.056481482421875 0.705729166015625 0.062962962890625 0.713541666015625 0.062037037109375
1 0.732291666015625 0.058333333984375 0.7375 0.058333333984375 0.740104166015625 0.05 0.730208333984375 0.0481481484375 0.728645833984375 0.053703703125 0.732291666015625 0.058333333984375
2 0.14375 0.287037037109375 0.163541666015625 0.2694444453125 0.1546875 0.2481481484375 0.146354166015625 0.239814814453125 0.136458333984375 0.242592591796875 0.130208333984375 0.25277777734375 0.1328125 0.278703703125 0.14375 0.287037037109375
2 0 0.708333333984375 0.015625 0.710185185546875 0.020833333984375 0.706481482421875 0.027604166015625 0.678703703125 0.0265625 0.65092592578125 0.018229166015625 0.6194444453125 0.011979166015625 0.615740740234375 0.004166666015625 0.6194444453125 0 0.6231481484375 0 0.708333333984375
2 0.50625 0.132407408203125 0.530729166015625 0.1305555546875 0.534895833984375 0.1231481484375 0.5359375 0.108333333984375 0.530208333984375 0.1 0.513541666015625 0.1018518515625 0.5015625 0.116666666015625 0.501041666015625 0.1231481484375 0.50625 0.132407408203125
0 0 0.887962962890625 0.01875 0.940740740234375 0.022395833984375 0.9444444453125 0.053645833984375 0.939814814453125 0.141666666015625 0.837962962890625 0.147395833984375 0.82407407421875 0.151041666015625 0.796296296875 0.148958333984375 0.765740740234375 0.1390625 0.735185185546875 0.132291666015625 0.72222222265625 0.1234375 0.715740740234375 0.0703125 0.7305555546875 0.030729166015625 0.77777777734375 0 0.82777777734375 0 0.887962962890625
4 0.745833333984375 0.563888888671875 0.751041666015625 0.571296296875 0.822395833984375 0.615740740234375 0.828645833984375 0.562037037109375 0.829166666015625 0.52592592578125 0.827083333984375 0.484259259765625 0.823958333984375 0.4768518515625 0.809375 0.4768518515625 0.7609375 0.49537037109375 0.7484375 0.506481482421875 0.740104166015625 0.52777777734375 0.739583333984375 0.5444444453125 0.745833333984375 0.563888888671875
4 0.852083333984375 0.632407408203125 0.863541666015625 0.596296296875 0.866145833984375 0.57777777734375 0.866145833984375 0.55 0.847395833984375 0.528703703125 0.844791666015625 0.52962962890625 0.843229166015625 0.539814814453125 0.8375 0.60092592578125 0.836979166015625 0.62962962890625 0.852083333984375 0.632407408203125
1 0.220833333984375 0.140740740234375 0.230729166015625 0.136111111328125 0.234375 0.125 0.226041666015625 0.12037037109375 0.216666666015625 0.1231481484375 0.211979166015625 0.12962962890625 0.2109375 0.139814814453125 0.220833333984375 0.140740740234375
3 0.756770833984375 0.046296296875 0.764583333984375 0.04907407421875 0.7671875 0.032407408203125 0.75625 0.032407408203125 0.754166666015625 0.036111111328125 0.756770833984375 0.046296296875
3 0.772916666015625 0.042592591796875 0.775 0.035185185546875 0.771354166015625 0.0305555546875 0.7703125 0.036111111328125 0.772916666015625 0.042592591796875