3 0 0.491666666015625 0.1328125 0.3694444453125 0.15048125 0.333389814453125 0.159658853515625 0.311631482421875 0.157373958984375 0.28659537109375 0.153841146484375 0.25247222265625 0.140104166015625 0.238888888671875 0.0692421875 0.29432777734375 0 0.3518518515625 0 0.491666666015625
2 0.034895833984375 0.265740740234375 0.046875 0.256481482421875 0.046354166015625 0.2444444453125 0.041145833984375 0.236111111328125 0.033333333984375 0.237037037109375 0.030729166015625 0.243518517578125 0.030729166015625 0.25277777734375 0.034895833984375 0.265740740234375
2 0.404166666015625 0.37222222265625 0.436979166015625 0.384259259765625 0.472395833984375 0.35 0.475520833984375 0.332407408203125 0.473958333984375 0.321296296875 0.463541666015625 0.310185185546875 0.4359375 0.303703703125 0.4046875 0.32777777734375 0.400520833984375 0.346296296875 0.400520833984375 0.364814814453125 0.404166666015625 0.37222222265625
2 0.553125 0.25277777734375 0.5765625 0.257407408203125 0.5984375 0.242592591796875 0.602083333984375 0.228703703125 0.5984375 0.215740740234375 0.594270833984375 0.212037037109375 0.5703125 0.207407408203125 0.55625 0.217592591796875 0.5484375 0.236111111328125 0.5484375 0.24722222265625 0.553125 0.25277777734375
2 0.4875 0.1805555546875 0.506770833984375 0.185185185546875 0.526041666015625 0.175 0.528125 0.17037037109375 0.530729166015625 0.15 0.527083333984375 0.142592591796875 0.521875 0.137962962890625 0.515625 0.137037037109375 0.501041666015625 0.1444444453125 0.485621875 0.167409259765625 0.4862296875 0.17482962890625 0.4875 0.1805555546875
2 0.534895833984375 0.1055555546875 0.549479166015625 0.116666666015625 0.5609375 0.113888888671875 0.5625 0.111111111328125 0.5625 0.091666666015625 0.559375 0.088888888671875 0.549479166015625 0.087962962890625 0.543229166015625 0.089814814453125 0.5390625 0.092592591796875 0.534895833984375 0.1 0.534375 0.1018518515625 0.534895833984375 0.1055555546875
2 0.641666666015625 0.07777777734375 0.643229166015625 0.07962962890625 0.654166666015625 0.078703703125 0.655208333984375 0.07777777734375 0.65625 0.075 0.65625 0.068518517578125 0.654166666015625 0.063888888671875 0.6484375 0.063888888671875 0.646354166015625 0.064814814453125 0.644791666015625 0.066666666015625 0.642708333984375 0.071296296875 0.641666666015625 0.075 0.641666666015625 0.07777777734375
4 0.7859375 0.081481482421875 0.7875 0.084259259765625 0.790104166015625 0.086111111328125 0.793229166015625 0.086111111328125 0.7953125 0.085185185546875 0.796875 0.083333333984375 0.796875 0.0768518515625 0.795833333984375 0.0731481484375 0.793229166015625 0.071296296875 0.7890625 0.07222222265625 0.788020833984375 0.0731481484375 0.785416666015625 0.07777777734375 0.7859375 0.081481482421875
4 0.783854166015625 0.10462962890625 0.784895833984375 0.106481482421875 0.7890625 0.110185185546875 0.7921875 0.111111111328125 0.795833333984375 0.111111111328125 0.797916666015625 0.109259259765625 0.7984375 0.10462962890625 0.797395833984375 0.0981481484375 0.796354166015625 0.096296296875 0.793229166015625 0.093518517578125 0.790625 0.092592591796875 0.786979166015625 0.092592591796875 0.785792708984375 0.096564814453125 0.784831771484375 0.1005018515625 0.783854166015625 0.10462962890625
2 0.7703125 0.092592591796875 0.770833333984375 0.0944444453125 0.772395833984375 0.09722222265625 0.7796875 0.09722222265625 0.780729166015625 0.096296296875 0.781428125 0.088641666015625 0.7813859375 0.08442037109375 0.779657291015625 0.08145092578125 0.772395833984375 0.07962962890625 0.7703125 0.084259259765625 0.7703125 0.092592591796875
0 0.683854166015625 0.063888888671875 0.685416666015625 0.065740740234375 0.692708333984375 0.065740740234375 0.6953125 0.064814814453125 0.697395833984375 0.062037037109375 0.697916666015625 0.058333333984375 0.697916666015625 0.056481482421875 0.696875 0.05462962890625 0.694270833984375 0.05277777734375 0.689583333984375 0.05092592578125 0.6859375 0.05277777734375 0.683854166015625 0.056481482421875 0.683333333984375 0.061111111328125 0.683854166015625 0.063888888671875
1 0.709375 0.065740740234375 0.7109375 0.068518517578125 0.713020833984375 0.07037037109375 0.721354166015625 0.07037037109375 0.722395833984375 0.068518517578125 0.722395833984375 0.063888888671875 0.721875 0.062037037109375 0.719270833984375 0.059259259765625 0.7171875 0.058333333984375 0.713020833984375 0.059259259765625 0.711458333984375 0.060185185546875 0.709375 0.062962962890625 0.708854166015625 0.063888888671875 0.709375 0.065740740234375
2 0.726041666015625 0.063888888671875 0.728125 0.064814814453125 0.734375 0.064814814453125 0.7359375 0.062962962890625 0.7359375 0.056481482421875 0.734375 0.0518518515625 0.730729166015625 0.0518518515625 0.7265625 0.057407408203125 0.725520833984375 0.060185185546875 0.726041666015625 0.063888888671875
2 0.734375 0.05277777734375 0.735416666015625 0.0555555546875 0.736458333984375 0.056481482421875 0.741145833984375 0.056481482421875 0.74375 0.053703703125 0.7421875 0.0481481484375 0.740625 0.046296296875 0.738541666015625 0.04537037109375 0.736458333984375 0.046296296875 0.734375 0.05 0.734375 0.05277777734375
2 0.797916666015625 0.0731481484375 0.802604166015625 0.075 0.8046875 0.075 0.805729166015625 0.07407407421875 0.805729166015625 0.0694444453125 0.805208333984375 0.066666666015625 0.804166666015625 0.064814814453125 0.799479166015625 0.064814814453125 0.796875 0.067592591796875 0.796354166015625 0.071296296875 0.797916666015625 0.0731481484375
0 0.805599478515625 0.0885555546875 0.810416666015625 0.092592591796875 0.8140625 0.092592591796875 0.815104166015625 0.091666666015625 0.815625 0.089814814453125 0.815625 0.084259259765625 0.815104166015625 0.081481482421875 0.815147916015625 0.078528703125 0.8109375 0.0768518515625 0.80625 0.0768518515625 0.805281771484375 0.08292222265625 0.805213021484375 0.085383333984375 0.805599478515625 0.0885555546875
2 0.751011978515625 0.050034259765625 0.753573958984375 0.0518194453125 0.754852603515625 0.052509259765625 0.756770833984375 0.05277777734375 0.758333333984375 0.0518518515625 0.759375 0.05 0.758854166015625 0.046296296875 0.755346353515625 0.0441231484375 0.752430208984375 0.04422962890625 0.751483333984375 0.046084259765625 0.750421353515625 0.048518517578125 0.751011978515625 0.050034259765625
2 0.7 0.6555555546875 0.7828125 0.738888888671875 0.789583333984375 0.741666666015625 0.796354166015625 0.737962962890625 0.8078125 0.713888888671875 0.821354166015625 0.6268518515625 0.8203125 0.618518517578125 0.8140625 0.609259259765625 0.772916666015625 0.57592592578125 0.73125 0.565740740234375 0.713020833984375 0.568518517578125 0.703645833984375 0.575 0.6921875 0.60462962890625 0.694791666015625 0.643518517578125 0.7 0.6555555546875
4 0.75 0.57037037109375 0.820833333984375 0.617592591796875 0.822916666015625 0.614814814453125 0.828645833984375 0.52592592578125 0.824588541015625 0.508387962890625 0.7625 0.4944444453125 0.747395833984375 0.507407408203125 0.739583333984375 0.52777777734375 0.739583333984375 0.55 0.75 0.57037037109375
4 0.84375 0.633333333984375 0.853125 0.631481482421875 0.863541666015625 0.59722222265625 0.866145833984375 0.5731481484375 0.865104166015625 0.5481481484375 0.8453125 0.528703703125 0.838541666015625 0.584259259765625 0.836458333984375 0.62962962890625 0.84375 0.633333333984375
3 0 0.22037037109375 0.033333333984375 0.207407408203125 0.042708333984375 0.1981481484375 0.041666666015625 0.185185185546875 0.038020833984375 0.17777777734375 0.033333333984375 0.175 0.015104166015625 0.184259259765625 0 0.192592591796875 0 0.22037037109375
2 0.0875 0.183333333984375 0.088541666015625 0.186111111328125 0.0921875 0.187037037109375 0.105729166015625 0.182407408203125 0.109085416015625 0.176625 0.108784375 0.172510185546875 0.105968228515625 0.16667592578125 0.0980890625 0.167393517578125 0.091145833984375 0.17222222265625 0.0875 0.178703703125 0.0875 0.183333333984375
2 0.381770833984375 0.057407408203125 0.382291666015625 0.058333333984375 0.388020833984375 0.058333333984375 0.4015625 0.05462962890625 0.402604166015625 0.053703703125 0.404166666015625 0.05 0.403125 0.0444444453125 0.402083333984375 0.042592591796875 0.398958333984375 0.040740740234375 0.392708333984375 0.041666666015625 0.383854166015625 0.046296296875 0.3828125 0.0481481484375 0.381770833984375 0.0518518515625 0.381770833984375 0.057407408203125
1 0.258854166015625 0.662037037109375 0.264583333984375 0.666666666015625 0.292708333984375 0.666666666015625 0.363541666015625 0.591666666015625 0.369791666015625 0.571296296875 0.368229166015625 0.542592591796875 0.366145833984375 0.535185185546875 0.352604166015625 0.52407407421875 0.327604166015625 0.5194444453125 0.295833333984375 0.539814814453125 0.272395833984375 0.561111111328125 0.260416666015625 0.57777777734375 0.246354166015625 0.610185185546875 0.247395833984375 0.641666666015625 0.258854166015625 0.662037037109375
0 0.583854166015625 0.289814814453125 0.616666666015625 0.30277777734375 0.646875 0.27222222265625 0.648958333984375 0.24722222265625 0.647395833984375 0.239814814453125 0.636458333984375 0.2305555546875 0.615104166015625 0.2268518515625 0.602604166015625 0.232407408203125 0.583333333984375 0.257407408203125 0.5796875 0.2694444453125 0.5796875 0.27777777734375 0.583854166015625 0.289814814453125