2 0.3515625 0.62777777734375 0.411979166015625 0.703703703125 0.4359375 0.703703703125 0.453645833984375 0.688888888671875 0.466666666015625 0.664814814453125 0.46875 0.65462962890625 0.467708333984375 0.637037037109375 0.4609375 0.616666666015625 0.439583333984375 0.57407407421875 0.388020833984375 0.52777777734375 0.378125 0.52222222265625 0.355729166015625 0.525 0.343229166015625 0.5694444453125 0.34375 0.5981481484375 0.3515625 0.62777777734375
4 0.394791666015625 0.317592591796875 0.449479166015625 0.309259259765625 0.4609375 0.2981481484375 0.463020833984375 0.284259259765625 0.460416666015625 0.27222222265625 0.449479166015625 0.262962962890625 0.4296875 0.25092592578125 0.409375 0.24907407421875 0.389583333984375 0.25277777734375 0.3796875 0.260185185546875 0.373958333984375 0.292592591796875 0.375520833984375 0.310185185546875 0.394791666015625 0.317592591796875
2 0.175 0.3055555546875 0.1921875 0.312037037109375 0.211458333984375 0.296296296875 0.216666666015625 0.286111111328125 0.211458333984375 0.2768518515625 0.193229166015625 0.263888888671875 0.1765625 0.2694444453125 0.172395833984375 0.278703703125 0.171354166015625 0.29537037109375 0.175 0.3055555546875
0 0.094270833984375 0.2481481484375 0.105208333984375 0.240740740234375 0.108333333984375 0.234259259765625 0.10625 0.2231481484375 0.098958333984375 0.214814814453125 0.083854166015625 0.225 0.084895833984375 0.241666666015625 0.094270833984375 0.2481481484375
0 0.713541666015625 0.192592591796875 0.730729166015625 0.181481482421875 0.73125 0.17777777734375 0.730729166015625 0.160185185546875 0.716666666015625 0.14907407421875 0.708333333984375 0.15 0.6953125 0.166666666015625 0.696354166015625 0.185185185546875 0.713541666015625 0.192592591796875
0 0.5046875 0.140740740234375 0.522395833984375 0.146296296875 0.536979166015625 0.115740740234375 0.533333333984375 0.110185185546875 0.522395833984375 0.108333333984375 0.516145833984375 0.112962962890625 0.506770833984375 0.128703703125 0.504166666015625 0.133333333984375 0.5046875 0.140740740234375
0 0.6125 0.262037037109375 0.640625 0.24907407421875 0.646354166015625 0.234259259765625 0.64375 0.22222222265625 0.6203125 0.2018518515625 0.606770833984375 0.2055555546875 0.594270833984375 0.214814814453125 0.5890625 0.22962962890625 0.588541666015625 0.2444444453125 0.6125 0.262037037109375
2 0.1296875 0.278703703125 0.1515625 0.262037037109375 0.150520833984375 0.256481482421875 0.136458333984375 0.237962962890625 0.126041666015625 0.238888888671875 0.1203125 0.2481481484375 0.122395833984375 0.271296296875 0.1296875 0.278703703125
2 0.475 0.1731481484375 0.5 0.14537037109375 0.491666666015625 0.132407408203125 0.471354166015625 0.133333333984375 0.453125 0.162037037109375 0.453645833984375 0.17222222265625 0.475 0.1731481484375
2 0.425 0.166666666015625 0.4390625 0.168518517578125 0.452604166015625 0.163888888671875 0.463020833984375 0.139814814453125 0.4578125 0.1305555546875 0.4421875 0.132407408203125 0.434375 0.137962962890625 0.4234375 0.1555555546875 0.421875 0.161111111328125 0.425 0.166666666015625
1 0.483333333984375 0.17962962890625 0.502604166015625 0.184259259765625 0.523958333984375 0.17222222265625 0.525 0.160185185546875 0.5203125 0.14907407421875 0.507291666015625 0.14537037109375 0.5015625 0.146296296875 0.4828125 0.165740740234375 0.4796875 0.17222222265625 0.483333333984375 0.17962962890625
2 0.528125 0.159259259765625 0.543229166015625 0.161111111328125 0.560416666015625 0.1518518515625 0.563541666015625 0.134259259765625 0.557291666015625 0.12222222265625 0.54375 0.12222222265625 0.5328125 0.128703703125 0.523958333984375 0.14537037109375 0.5234375 0.15 0.528125 0.159259259765625
2 0.578125 0.141666666015625 0.593229166015625 0.137037037109375 0.595833333984375 0.1194444453125 0.59375 0.111111111328125 0.584375 0.107407408203125 0.571875 0.112037037109375 0.563020833984375 0.1231481484375 0.5671875 0.139814814453125 0.578125 0.141666666015625
2 0.5984375 0.108333333984375 0.6203125 0.09537037109375 0.619270833984375 0.088888888671875 0.609895833984375 0.085185185546875 0.5984375 0.091666666015625 0.59375 0.09537037109375 0.5984375 0.108333333984375
2 0.6109375 0.12777777734375 0.624479166015625 0.1231481484375 0.627083333984375 0.115740740234375 0.626041666015625 0.10462962890625 0.619791666015625 0.09907407421875 0.610416666015625 0.1 0.599479166015625 0.112037037109375 0.602083333984375 0.125 0.6109375 0.12777777734375
2 0.561979166015625 0.12407407421875 0.5859375 0.1055555546875 0.583333333984375 0.09907407421875 0.5703125 0.0981481484375 0.548958333984375 0.113888888671875 0.5484375 0.1194444453125 0.561979166015625 0.12407407421875
2 0.5328125 0.110185185546875 0.547395833984375 0.1055555546875 0.543229166015625 0.0944444453125 0.53125 0.09537037109375 0.525520833984375 0.1 0.524479166015625 0.1055555546875 0.5328125 0.110185185546875
2 0.5015625 0.138888888671875 0.5046875 0.12592592578125 0.502083333984375 0.115740740234375 0.490625 0.112037037109375 0.480729166015625 0.116666666015625 0.472395833984375 0.128703703125 0.472395833984375 0.132407408203125 0.5015625 0.138888888671875
2 0.6640625 0.075 0.673958333984375 0.0731481484375 0.672916666015625 0.060185185546875 0.664583333984375 0.059259259765625 0.651041666015625 0.067592591796875 0.6640625 0.075
2 0.721875 0.066666666015625 0.7203125 0.056481482421875 0.711458333984375 0.059259259765625 0.7109375 0.067592591796875 0.721875 0.066666666015625
2 0.680729166015625 0.165740740234375 0.696354166015625 0.157407408203125 0.694791666015625 0.143518517578125 0.6890625 0.135185185546875 0.6734375 0.132407408203125 0.6640625 0.143518517578125 0.664583333984375 0.157407408203125 0.680729166015625 0.165740740234375
0 0.746875 0.109259259765625 0.761979166015625 0.112037037109375 0.763020833984375 0.108333333984375 0.7625 0.09907407421875 0.7578125 0.089814814453125 0.747916666015625 0.089814814453125 0.743229166015625 0.09907407421875 0.743229166015625 0.1055555546875 0.746875 0.109259259765625
2 0.784895833984375 0.1194444453125 0.783333333984375 0.10462962890625 0.775520833984375 0.10277777734375 0.771875 0.111111111328125 0.773958333984375 0.1194444453125 0.784895833984375 0.1194444453125
2 0.7859375 0.091666666015625 0.788541666015625 0.087962962890625 0.786979166015625 0.07592592578125 0.781770833984375 0.075 0.776041666015625 0.082407408203125 0.779166666015625 0.088888888671875 0.7859375 0.091666666015625
0 0 0.99907407421875 0.068229166015625 0.933333333984375 0.072916666015625 0.9231481484375 0.079166666015625 0.8944444453125 0.075520833984375 0.859259259765625 0.055208333984375 0.808333333984375 0.045833333984375 0.806481482421875 0.004166666015625 0.82407407421875 0 0.82592592578125 0 0.99907407421875
1 0 0.8018518515625 0.015625 0.8018518515625 0.040104166015625 0.789814814453125 0.04375 0.784259259765625 0.051041666015625 0.753703703125 0.0515625 0.740740740234375 0.047395833984375 0.725 0.0390625 0.709259259765625 0.029166666015625 0.7055555546875 0 0.718518517578125 0 0.8018518515625
2 0 0.715740740234375 0.014583333984375 0.711111111328125 0.023958333984375 0.67962962890625 0.016145833984375 0.640740740234375 0.006770833984375 0.637962962890625 0 0.642592591796875 0 0.715740740234375