2 0.694791666015625 0.658333333984375 0.702604166015625 0.6694444453125 0.7828125 0.737962962890625 0.803645833984375 0.72777777734375 0.8078125 0.72037037109375 0.816666666015625 0.67037037109375 0.821354166015625 0.62592592578125 0.819791666015625 0.615740740234375 0.769270833984375 0.57777777734375 0.725 0.566666666015625 0.706770833984375 0.571296296875 0.693229166015625 0.589814814453125 0.686979166015625 0.606481482421875 0.6859375 0.632407408203125 0.694791666015625 0.658333333984375
1 0.7015625 0.528703703125 0.759895833984375 0.5731481484375 0.791145833984375 0.585185185546875 0.796875 0.5805555546875 0.802604166015625 0.563888888671875 0.798958333984375 0.521296296875 0.783333333984375 0.496296296875 0.766145833984375 0.4805555546875 0.716145833984375 0.4694444453125 0.702083333984375 0.47777777734375 0.69375 0.4944444453125 0.69375 0.512037037109375 0.7015625 0.528703703125
1 0.3078125 0.2731481484375 0.311458333984375 0.268518517578125 0.3109375 0.2444444453125 0.307291666015625 0.237037037109375 0.297395833984375 0.234259259765625 0.284895833984375 0.243518517578125 0.2859375 0.278703703125 0.3078125 0.2731481484375
1 0.484895833984375 0.17962962890625 0.502083333984375 0.184259259765625 0.525520833984375 0.17222222265625 0.5265625 0.167592591796875 0.5234375 0.15277777734375 0.506770833984375 0.146296296875 0.491666666015625 0.1555555546875 0.481770833984375 0.1694444453125 0.48125 0.175 0.484895833984375 0.17962962890625
2 0.195833333984375 0.266666666015625 0.209895833984375 0.260185185546875 0.216145833984375 0.25092592578125 0.2125 0.235185185546875 0.2078125 0.2268518515625 0.2 0.22222222265625 0.184895833984375 0.22592592578125 0.180729166015625 0.237962962890625 0.183333333984375 0.258333333984375 0.195833333984375 0.266666666015625
2 0.189583333984375 0.446296296875 0.2203125 0.45092592578125 0.2546875 0.407407408203125 0.259375 0.3944444453125 0.260416666015625 0.37962962890625 0.256770833984375 0.368518517578125 0.252083333984375 0.363888888671875 0.234375 0.359259259765625 0.203125 0.37962962890625 0.188541666015625 0.4018518515625 0.186458333984375 0.411111111328125 0.1859375 0.425 0.189583333984375 0.446296296875
2 0.115625 0.316666666015625 0.131770833984375 0.3018518515625 0.130208333984375 0.288888888671875 0.120833333984375 0.2731481484375 0.1125 0.2731481484375 0.105729166015625 0.284259259765625 0.106770833984375 0.30277777734375 0.115625 0.316666666015625
2 0.143229166015625 0.288888888671875 0.164583333984375 0.27592592578125 0.163020833984375 0.262962962890625 0.150520833984375 0.24537037109375 0.142708333984375 0.243518517578125 0.134375 0.2555555546875 0.135416666015625 0.2731481484375 0.143229166015625 0.288888888671875
2 0.105729166015625 0.2518518515625 0.111458333984375 0.25277777734375 0.1203125 0.2268518515625 0.113020833984375 0.215740740234375 0.103645833984375 0.2194444453125 0.1 0.2444444453125 0.105729166015625 0.2518518515625
2 0.119791666015625 0.22407407421875 0.1328125 0.22222222265625 0.138020833984375 0.212962962890625 0.133854166015625 0.2018518515625 0.127604166015625 0.19537037109375 0.119270833984375 0.196296296875 0.115104166015625 0.2018518515625 0.113020833984375 0.213888888671875 0.119791666015625 0.22407407421875
2 0.088541666015625 0.241666666015625 0.1 0.240740740234375 0.103645833984375 0.22407407421875 0.102604166015625 0.214814814453125 0.096354166015625 0.211111111328125 0.086458333984375 0.22037037109375 0.0859375 0.233333333984375 0.088541666015625 0.241666666015625
2 0.428125 0.167592591796875 0.442708333984375 0.167592591796875 0.4515625 0.162037037109375 0.459375 0.146296296875 0.459375 0.133333333984375 0.452083333984375 0.1305555546875 0.438020833984375 0.135185185546875 0.4234375 0.156481482421875 0.422916666015625 0.163888888671875 0.428125 0.167592591796875
2 0.472395833984375 0.17407407421875 0.5 0.14537037109375 0.4953125 0.134259259765625 0.478125 0.132407408203125 0.464583333984375 0.140740740234375 0.452604166015625 0.162037037109375 0.453125 0.17222222265625 0.472395833984375 0.17407407421875
2 0.588020833984375 0.128703703125 0.604166666015625 0.132407408203125 0.617708333984375 0.125 0.619791666015625 0.111111111328125 0.616666666015625 0.1018518515625 0.603125 0.09907407421875 0.588141146484375 0.11562592578125 0.586542708984375 0.124583333984375 0.588020833984375 0.128703703125
0 0.163541666015625 0.25277777734375 0.171875 0.2518518515625 0.1796875 0.2444444453125 0.1828125 0.2268518515625 0.178645833984375 0.216666666015625 0.171354166015625 0.209259259765625 0.159895833984375 0.212037037109375 0.149479166015625 0.2268518515625 0.151041666015625 0.239814814453125 0.163541666015625 0.25277777734375
0 0.1296875 0.267592591796875 0.140104166015625 0.2444444453125 0.1375 0.234259259765625 0.1296875 0.225 0.115625 0.237962962890625 0.1171875 0.258333333984375 0.1296875 0.267592591796875