1 0.1140625 0.313888888671875 0.119270833984375 0.32222222265625 0.134375 0.312037037109375 0.138541666015625 0.30462962890625 0.138020833984375 0.29722222265625 0.128645833984375 0.281481482421875 0.123958333984375 0.2768518515625 0.114583333984375 0.27962962890625 0.111979166015625 0.282407408203125 0.109895833984375 0.288888888671875 0.109895833984375 0.3 0.1140625 0.313888888671875
1 0.486458333984375 0.184259259765625 0.5015625 0.186111111328125 0.523958333984375 0.175 0.525 0.171296296875 0.522395833984375 0.158333333984375 0.519791666015625 0.153703703125 0.5046875 0.15092592578125 0.496875 0.153703703125 0.486979166015625 0.165740740234375 0.4828125 0.17407407421875 0.482291666015625 0.178703703125 0.486458333984375 0.184259259765625
2 0.18125 0.256481482421875 0.195833333984375 0.265740740234375 0.209375 0.256481482421875 0.215104166015625 0.24907407421875 0.214583333984375 0.241666666015625 0.210416666015625 0.233333333984375 0.203645833984375 0.225 0.195833333984375 0.2194444453125 0.1890625 0.218518517578125 0.184375 0.22222222265625 0.18125 0.2268518515625 0.1796875 0.233333333984375 0.179166666015625 0.241666666015625 0.18125 0.256481482421875
2 0.0671875 0.258333333984375 0.074479166015625 0.27222222265625 0.086458333984375 0.263888888671875 0.089583333984375 0.258333333984375 0.090104166015625 0.25462962890625 0.088541666015625 0.24722222265625 0.085416666015625 0.241666666015625 0.077604166015625 0.234259259765625 0.071354166015625 0.235185185546875 0.069270833984375 0.237037037109375 0.066666666015625 0.243518517578125 0.066145833984375 0.2481481484375 0.0671875 0.258333333984375
2 0.090104166015625 0.287962962890625 0.097916666015625 0.2981481484375 0.10625 0.296296296875 0.112944271484375 0.27782037109375 0.104166666015625 0.257407408203125 0.100520833984375 0.25462962890625 0.097916666015625 0.25462962890625 0.094270833984375 0.257407408203125 0.088541666015625 0.266666666015625 0.088020833984375 0.278703703125 0.090104166015625 0.287962962890625
2 0.11875 0.259259259765625 0.1234375 0.271296296875 0.125520833984375 0.27407407421875 0.136979166015625 0.2694444453125 0.143229166015625 0.25092592578125 0.142708333984375 0.24722222265625 0.1390625 0.239814814453125 0.132291666015625 0.232407408203125 0.127604166015625 0.232407408203125 0.122395833984375 0.235185185546875 0.11875 0.240740740234375 0.118229166015625 0.2481481484375 0.11875 0.259259259765625
2 0.1093796875 0.257157408203125 0.113671875 0.255557408203125 0.1171875 0.25277777734375 0.1203125 0.234259259765625 0.118229166015625 0.22777777734375 0.115104166015625 0.2231481484375 0.109375 0.221296296875 0.10625 0.22222222265625 0.102604166015625 0.2268518515625 0.101041666015625 0.237037037109375 0.103038021484375 0.248616666015625 0.1093796875 0.257157408203125
2 0.133333333984375 0.22777777734375 0.136979166015625 0.231481482421875 0.14375 0.234259259765625 0.1484375 0.232407408203125 0.152083333984375 0.228703703125 0.153645833984375 0.216666666015625 0.153645833984375 0.209259259765625 0.152604166015625 0.206481482421875 0.146875 0.20092592578125 0.140104166015625 0.20092592578125 0.1359375 0.20277777734375 0.132291666015625 0.214814814453125 0.131770833984375 0.22037037109375 0.133333333984375 0.22777777734375
2 0.155208333984375 0.237962962890625 0.164583333984375 0.24537037109375 0.176041666015625 0.241666666015625 0.178645833984375 0.238888888671875 0.180729166015625 0.2268518515625 0.180729166015625 0.22222222265625 0.180208333984375 0.2194444453125 0.1734375 0.209259259765625 0.16875 0.2055555546875 0.161458333984375 0.2055555546875 0.15625 0.210185185546875 0.154166666015625 0.214814814453125 0.153645833984375 0.2268518515625 0.155208333984375 0.237962962890625
2 0.106770833984375 0.2194444453125 0.116666666015625 0.221296296875 0.1296875 0.214814814453125 0.129984375 0.20510092578125 0.126492708984375 0.199066666015625 0.120833333984375 0.1944444453125 0.115104166015625 0.1944444453125 0.108854166015625 0.1981481484375 0.105729166015625 0.20277777734375 0.105208333984375 0.215740740234375 0.106770833984375 0.2194444453125
0 0.140104166015625 0.27962962890625 0.1453125 0.290740740234375 0.15 0.296296296875 0.154166666015625 0.296296296875 0.167708333984375 0.285185185546875 0.171354166015625 0.278703703125 0.172395833984375 0.27222222265625 0.1671875 0.261111111328125 0.1578125 0.2481481484375 0.152083333984375 0.24722222265625 0.144791666015625 0.25092592578125 0.139583333984375 0.259259259765625 0.1390625 0.2694444453125 0.140104166015625 0.27962962890625
2 0.9203125 0.425 0.9390625 0.437037037109375 0.9421875 0.42777777734375 0.9421875 0.396296296875 0.9359375 0.357407408203125 0.921354166015625 0.3481481484375 0.9140625 0.375 0.915104166015625 0.417592591796875 0.9203125 0.425
4 0.751041666015625 0.57222222265625 0.817708333984375 0.62777777734375 0.820833333984375 0.628703703125 0.826041666015625 0.615740740234375 0.828645833984375 0.52222222265625 0.8171875 0.50092592578125 0.8 0.4944444453125 0.761979166015625 0.493518517578125 0.747395833984375 0.5055555546875 0.7390625 0.525 0.736458333984375 0.546296296875 0.751041666015625 0.57222222265625
4 0.836458333984375 0.62962962890625 0.85 0.633333333984375 0.855208333984375 0.62777777734375 0.8640625 0.596296296875 0.866666666015625 0.553703703125 0.863020833984375 0.543518517578125 0.848958333984375 0.52962962890625 0.8453125 0.52962962890625 0.843229166015625 0.542592591796875 0.8359375 0.603703703125 0.836458333984375 0.62962962890625
1 0.880729166015625 0.99907407421875 0.883333333984375 0.95277777734375 0.872916666015625 0.925 0.834895833984375 0.882407408203125 0.798958333984375 0.887962962890625 0.7953125 0.8944444453125 0.776041666015625 0.99907407421875 0.880729166015625 0.99907407421875
1 0.70625 0.97962962890625 0.7203125 0.99537037109375 0.735416666015625 0.99907407421875 0.752083333984375 0.936111111328125 0.7625 0.8731481484375 0.736458333984375 0.8731481484375 0.728125 0.8768518515625 0.709895833984375 0.911111111328125 0.707291666015625 0.92777777734375 0.7046875 0.95277777734375 0.70625 0.97962962890625
2 0.979166666015625 0.482407408203125 0.983854166015625 0.487962962890625 0.999479166015625 0.496296296875 0.999479166015625 0.431481482421875 0.9875 0.425 0.983854166015625 0.425 0.980729166015625 0.4268518515625 0.978125 0.434259259765625 0.977083333984375 0.446296296875 0.979166666015625 0.482407408203125
2 0 0.8 0.015625 0.810185185546875 0.071354166015625 0.74722222265625 0.077604166015625 0.732407408203125 0.081770833984375 0.708333333984375 0.077604166015625 0.678703703125 0.064583333984375 0.6555555546875 0.026041666015625 0.662962962890625 0.009375 0.67592592578125 0 0.685185185546875 0 0.8
2 0 0.978703703125 0.044270833984375 0.95277777734375 0.049479166015625 0.942592591796875 0.053125 0.921296296875 0.051041666015625 0.87962962890625 0.035416666015625 0.835185185546875 0.0265625 0.8268518515625 0.011458333984375 0.832407408203125 0 0.840740740234375 0 0.978703703125
2 0 0.685185185546875 0.027604166015625 0.660185185546875 0.026041666015625 0.646296296875 0.017708333984375 0.6194444453125 0.011979166015625 0.615740740234375 0.003645833984375 0.6194444453125 0 0.62222222265625 0 0.685185185546875
2 0.380729166015625 0.1694444453125 0.3953125 0.171296296875 0.414583333984375 0.162037037109375 0.417708333984375 0.153703703125 0.418229166015625 0.14722222265625 0.414583333984375 0.138888888671875 0.411458333984375 0.136111111328125 0.402083333984375 0.136111111328125 0.390625 0.142592591796875 0.379166666015625 0.157407408203125 0.378125 0.163888888671875 0.380729166015625 0.1694444453125
2 0.444791666015625 0.156481482421875 0.461458333984375 0.159259259765625 0.473958333984375 0.15277777734375 0.482291666015625 0.137037037109375 0.4828125 0.133333333984375 0.480729166015625 0.12592592578125 0.476041666015625 0.1231481484375 0.453125 0.12592592578125 0.448958333984375 0.132407408203125 0.443229166015625 0.1481481484375 0.442708333984375 0.153703703125 0.444791666015625 0.156481482421875
4 0.473958333984375 0.158333333984375 0.483854166015625 0.163888888671875 0.488541666015625 0.163888888671875 0.514583333984375 0.15 0.516145833984375 0.1444444453125 0.515625 0.1305555546875 0.5125 0.12407407421875 0.496354166015625 0.12407407421875 0.490625 0.1268518515625 0.483854166015625 0.133333333984375 0.475520833984375 0.1481481484375 0.4734375 0.156481482421875 0.473958333984375 0.158333333984375
4 0.542708333984375 0.15277777734375 0.5578125 0.1555555546875 0.5765625 0.146296296875 0.578645833984375 0.141666666015625 0.5796875 0.133333333984375 0.576041666015625 0.118518517578125 0.5703125 0.114814814453125 0.5638328125 0.115018517578125 0.5565140625 0.11855462890625 0.5511765625 0.122267591796875 0.5421875 0.137037037109375 0.541666666015625 0.15 0.542708333984375 0.15277777734375
2 0.578125 0.125 0.58125 0.134259259765625 0.5953125 0.134259259765625 0.605729166015625 0.1305555546875 0.6078125 0.125 0.608333333984375 0.12037037109375 0.607291666015625 0.109259259765625 0.605208333984375 0.1055555546875 0.6 0.1018518515625 0.588020833984375 0.103703703125 0.583854166015625 0.108333333984375 0.579166666015625 0.116666666015625 0.578125 0.1194444453125 0.578125 0.125
0 0.499479166015625 0.114814814453125 0.5015625 0.117592591796875 0.529166666015625 0.113888888671875 0.533333333984375 0.106481482421875 0.534375 0.09537037109375 0.522395833984375 0.088888888671875 0.515104166015625 0.088888888671875 0.508333333984375 0.091666666015625 0.499479166015625 0.1018518515625 0.497395833984375 0.107407408203125 0.499479166015625 0.114814814453125
1 0.500520833984375 0.12222222265625 0.519791666015625 0.132407408203125 0.525 0.1305555546875 0.527083333984375 0.12777777734375 0.5296875 0.121296296875 0.5296875 0.118518517578125 0.527604166015625 0.114814814453125 0.522916666015625 0.112037037109375 0.5171875 0.110185185546875 0.508333333984375 0.110185185546875 0.5 0.1194444453125 0.500520833984375 0.12222222265625
4 0.544791666015625 0.0981481484375 0.557291666015625 0.09907407421875 0.559895833984375 0.09722222265625 0.561979166015625 0.093518517578125 0.563541666015625 0.087037037109375 0.5609375 0.078703703125 0.559895833984375 0.07777777734375 0.553125 0.07962962890625 0.546354166015625 0.087962962890625 0.544270833984375 0.091666666015625 0.54375 0.096296296875 0.544791666015625 0.0981481484375
2 0.616083333984375 0.10667592578125 0.6159953125 0.1080694453125 0.6160109375 0.11062037109375 0.617215625 0.113313888671875 0.627083333984375 0.116666666015625 0.636979166015625 0.113888888671875 0.639919791015625 0.113466666015625 0.640716666015625 0.106553703125 0.6405140625 0.098543517578125 0.639583333984375 0.092592591796875 0.634734896484375 0.090162037109375 0.6269515625 0.0905231484375 0.620916666015625 0.097658333984375 0.616683853515625 0.1022805546875 0.616083333984375 0.10667592578125
2 0.549479166015625 0.12037037109375 0.552083333984375 0.12222222265625 0.575520833984375 0.118518517578125 0.579557291015625 0.11255462890625 0.5795578125 0.106253703125 0.577922916015625 0.09705 0.5734375 0.093518517578125 0.5640625 0.0944444453125 0.556770833984375 0.10092592578125 0.5515625 0.109259259765625 0.549479166015625 0.115740740234375 0.549479166015625 0.12037037109375
2 0.611979166015625 0.0805555546875 0.61875 0.083333333984375 0.634375 0.084259259765625 0.635416666015625 0.083333333984375 0.636458333984375 0.07962962890625 0.6359375 0.07222222265625 0.630208333984375 0.067592591796875 0.622916666015625 0.066666666015625 0.61580625 0.072141666015625 0.6125109375 0.077639814453125 0.611979166015625 0.0805555546875
2 0.599609375 0.087890625 0.0166015625 0.0224609375
2 0.58203125 0.0927734375 0.0146484375 0.0205078125
1 0.6921875 0.086111111328125 0.695833333984375 0.087962962890625 0.703645833984375 0.087962962890625 0.706770833984375 0.085185185546875 0.7078125 0.081481482421875 0.7078125 0.07407407421875 0.706770833984375 0.07222222265625 0.703125 0.0694444453125 0.699479166015625 0.0694444453125 0.695833333984375 0.07222222265625 0.691145833984375 0.07777777734375 0.690625 0.07962962890625 0.690104166015625 0.084259259765625 0.6921875 0.086111111328125
2 0.655472396484375 0.0873981484375 0.65625 0.0981481484375 0.657291666015625 0.10092592578125 0.6640625 0.09907407421875 0.6709890625 0.092365740234375 0.669204166015625 0.087415740234375 0.6684796875 0.082340740234375 0.666713541015625 0.081089814453125 0.662900521484375 0.080225 0.6608078125 0.082096296875 0.659428646484375 0.082442591796875 0.656626041015625 0.083460185546875 0.655472396484375 0.0873981484375