0 0 0.99907407421875 0.068229166015625 0.933333333984375 0.078645833984375 0.9 0.080729166015625 0.886111111328125 0.075 0.856481482421875 0.058333333984375 0.813888888671875 0.053125 0.807407408203125 0.041666666015625 0.809259259765625 0 0.82592592578125 0 0.99907407421875
0 0.578645833984375 0.12222222265625 0.583854166015625 0.115740740234375 0.585416666015625 0.1018518515625 0.5640625 0.0944444453125 0.546354166015625 0.110185185546875 0.546354166015625 0.12037037109375 0.578645833984375 0.12222222265625
0 0.126041666015625 0.2694444453125 0.132291666015625 0.265740740234375 0.142708333984375 0.241666666015625 0.133333333984375 0.22222222265625 0.119270833984375 0.2268518515625 0.115625 0.237962962890625 0.1171875 0.259259259765625 0.126041666015625 0.2694444453125
0 0.154166666015625 0.2481481484375 0.168229166015625 0.25277777734375 0.178125 0.24722222265625 0.1828125 0.2268518515625 0.176041666015625 0.212962962890625 0.166666666015625 0.208333333984375 0.1546875 0.216666666015625 0.151041666015625 0.2305555546875 0.150520833984375 0.239814814453125 0.154166666015625 0.2481481484375
2 0.195833333984375 0.265740740234375 0.209375 0.260185185546875 0.216145833984375 0.2481481484375 0.2109375 0.232407408203125 0.197916666015625 0.22222222265625 0.1859375 0.22592592578125 0.18125 0.234259259765625 0.18125 0.253703703125 0.195833333984375 0.265740740234375
2 0.143229166015625 0.287962962890625 0.149479166015625 0.287962962890625 0.164583333984375 0.27407407421875 0.163541666015625 0.263888888671875 0.151041666015625 0.24537037109375 0.141666666015625 0.24537037109375 0.134895833984375 0.2555555546875 0.134375 0.267592591796875 0.143229166015625 0.287962962890625
2 0.094791666015625 0.24537037109375 0.099479166015625 0.24537037109375 0.105729166015625 0.2268518515625 0.104166666015625 0.216666666015625 0.1 0.212037037109375 0.0921875 0.212962962890625 0.086458333984375 0.221296296875 0.086458333984375 0.238888888671875 0.094791666015625 0.24537037109375
2 0.102083333984375 0.2481481484375 0.111458333984375 0.25277777734375 0.119791666015625 0.2268518515625 0.116145833984375 0.218518517578125 0.108854166015625 0.216666666015625 0.105208333984375 0.2194444453125 0.1 0.237037037109375 0.099479166015625 0.243518517578125 0.102083333984375 0.2481481484375
2 0.142708333984375 0.236111111328125 0.147395833984375 0.235185185546875 0.153645833984375 0.217592591796875 0.1453125 0.2018518515625 0.136979166015625 0.203703703125 0.131770833984375 0.212037037109375 0.130208333984375 0.22037037109375 0.142708333984375 0.236111111328125
1 0.315625 0.260185185546875 0.336458333984375 0.271296296875 0.361458333984375 0.261111111328125 0.3640625 0.25462962890625 0.3625 0.241666666015625 0.3578125 0.233333333984375 0.347395833984375 0.22592592578125 0.336979166015625 0.22777777734375 0.316145833984375 0.241666666015625 0.313541666015625 0.246296296875 0.315625 0.260185185546875
1 0 0.066666666015625 0.01875 0.060185185546875 0.003645833984375 0.057407408203125 0 0.060185185546875 0 0.066666666015625
2 0.115104166015625 0.316666666015625 0.1296875 0.306481482421875 0.1328125 0.3 0.127604166015625 0.27962962890625 0.121875 0.2731481484375 0.1125 0.27222222265625 0.105729166015625 0.282407408203125 0.105208333984375 0.29722222265625 0.115104166015625 0.316666666015625
1 0.052604166015625 0.25 0.0609375 0.24907407421875 0.066145833984375 0.240740740234375 0.065104166015625 0.233333333984375 0.060416666015625 0.22777777734375 0.0484375 0.234259259765625 0.047916666015625 0.2444444453125 0.052604166015625 0.25
1 0.483854166015625 0.178703703125 0.503645833984375 0.183333333984375 0.523958333984375 0.17222222265625 0.525520833984375 0.162962962890625 0.5203125 0.14907407421875 0.5015625 0.14537037109375 0.481770833984375 0.168518517578125 0.48125 0.175 0.483854166015625 0.178703703125
2 0.45625 0.17407407421875 0.475520833984375 0.1731481484375 0.501041666015625 0.143518517578125 0.494791666015625 0.132407408203125 0.477604166015625 0.132407408203125 0.465625 0.140740740234375 0.452604166015625 0.162037037109375 0.452604166015625 0.171296296875 0.45625 0.17407407421875
2 0.428125 0.167592591796875 0.4421875 0.167592591796875 0.451041666015625 0.162037037109375 0.458854166015625 0.146296296875 0.459375 0.133333333984375 0.448958333984375 0.1305555546875 0.438020833984375 0.134259259765625 0.4234375 0.156481482421875 0.422395833984375 0.163888888671875 0.428125 0.167592591796875
2 0.526041666015625 0.157407408203125 0.54375 0.161111111328125 0.5640625 0.15092592578125 0.566666666015625 0.137037037109375 0.563541666015625 0.12407407421875 0.552604166015625 0.118518517578125 0.527604166015625 0.134259259765625 0.522395833984375 0.143518517578125 0.521875 0.15092592578125 0.526041666015625 0.157407408203125
2 0.509895833984375 0.128703703125 0.532291666015625 0.12962962890625 0.5359375 0.12222222265625 0.5375 0.103703703125 0.5328125 0.0981481484375 0.521354166015625 0.10092592578125 0.504166666015625 0.12037037109375 0.5046875 0.1268518515625 0.509895833984375 0.128703703125
2 0.327604166015625 0.442592591796875 0.3859375 0.462962962890625 0.409375 0.44907407421875 0.422916666015625 0.42407407421875 0.421875 0.403703703125 0.416666666015625 0.385185185546875 0.4125 0.378703703125 0.39375 0.3694444453125 0.372395833984375 0.367592591796875 0.334375 0.378703703125 0.321354166015625 0.40462962890625 0.321354166015625 0.428703703125 0.327604166015625 0.442592591796875
2 0 0.790740740234375 0.036458333984375 0.790740740234375 0.04375 0.783333333984375 0.052083333984375 0.746296296875 0.047916666015625 0.7268518515625 0.0375 0.707407408203125 0.03125 0.70462962890625 0.002083333984375 0.714814814453125 0 0.715740740234375 0 0.790740740234375
2 0.640104166015625 0.108333333984375 0.657291666015625 0.109259259765625 0.658333333984375 0.1018518515625 0.6546875 0.0805555546875 0.647395833984375 0.07777777734375 0.6296875 0.09907407421875 0.640104166015625 0.108333333984375
2 0.671354166015625 0.0731481484375 0.6828125 0.067592591796875 0.681770833984375 0.058333333984375 0.679166666015625 0.056481482421875 0.671875 0.058333333984375 0.6671875 0.064814814453125 0.666145833984375 0.07037037109375 0.671354166015625 0.0731481484375