2 0.1921875 0.265740740234375 0.209895833984375 0.25462962890625 0.213272396484375 0.2457268515625 0.209072396484375 0.233753703125 0.194270833984375 0.2194444453125 0.182291666015625 0.22222222265625 0.178125 0.235185185546875 0.178645833984375 0.256481482421875 0.1921875 0.265740740234375
4 0.036458333984375 0.968518517578125 0.047916666015625 0.99907407421875 0.138020833984375 0.99907407421875 0.186979166015625 0.953703703125 0.195833333984375 0.92777777734375 0.196354166015625 0.909259259765625 0.191666666015625 0.884259259765625 0.181770833984375 0.858333333984375 0.171354166015625 0.843518517578125 0.151041666015625 0.8305555546875 0.113020833984375 0.8444444453125 0.09375 0.859259259765625 0.046875 0.914814814453125 0.0359375 0.938888888671875 0.033854166015625 0.946296296875 0.036458333984375 0.968518517578125
2 0 0.815740740234375 0.026041666015625 0.814814814453125 0.0375 0.796296296875 0.041666666015625 0.760185185546875 0.033854166015625 0.7305555546875 0.025520833984375 0.721296296875 0.014583333984375 0.7231481484375 0 0.732407408203125 0 0.815740740234375
2 0 0.961111111328125 0.031770833984375 0.943518517578125 0.044270833984375 0.911111111328125 0.040625 0.871296296875 0.03125 0.842592591796875 0.01875 0.82592592578125 0.006770833984375 0.828703703125 0 0.834259259765625 0 0.961111111328125
2 0 0.713888888671875 0.024479166015625 0.70462962890625 0.027604166015625 0.69907407421875 0.0328125 0.665740740234375 0.028125 0.6444444453125 0.022395833984375 0.633333333984375 0.016145833984375 0.6305555546875 0.002604166015625 0.639814814453125 0 0.642592591796875 0 0.713888888671875
2 0.746875 0.57407407421875 0.8109375 0.6305555546875 0.818229166015625 0.6305555546875 0.828125 0.615740740234375 0.8328125 0.532407408203125 0.819270833984375 0.514814814453125 0.8109375 0.507407408203125 0.758333333984375 0.49722222265625 0.744270833984375 0.50462962890625 0.7359375 0.528703703125 0.736458333984375 0.55277777734375 0.746875 0.57407407421875
2 0.838020833984375 0.621296296875 0.848958333984375 0.587962962890625 0.852083333984375 0.567592591796875 0.845833333984375 0.553703703125 0.840625 0.564814814453125 0.836458333984375 0.596296296875 0.835416666015625 0.617592591796875 0.838020833984375 0.621296296875
2 0.609375 0.087962962890625 0.610416666015625 0.088888888671875 0.619791666015625 0.089814814453125 0.63125 0.084259259765625 0.63125 0.07962962890625 0.6296875 0.07222222265625 0.627083333984375 0.068518517578125 0.625 0.067592591796875 0.619270833984375 0.067592591796875 0.6109375 0.07592592578125 0.609375 0.078703703125 0.608854166015625 0.085185185546875 0.609375 0.087962962890625
2 0.7546578125 0.057092591796875 0.7546875 0.058333333984375 0.758854166015625 0.058333333984375 0.7609375 0.057407408203125 0.761979166015625 0.0555555546875 0.761875 0.05134722265625 0.759895833984375 0.04537037109375 0.7578125 0.04537037109375 0.754166666015625 0.0481481484375 0.75426875 0.052538888671875 0.754111458984375 0.054067591796875 0.7546578125 0.057092591796875
2 0.708854166015625 0.062962962890625 0.715104166015625 0.062962962890625 0.7171875 0.060185185546875 0.7171875 0.058333333984375 0.716145833984375 0.053703703125 0.713541666015625 0.05092592578125 0.711458333984375 0.05092592578125 0.709895833984375 0.0518518515625 0.707291666015625 0.056481482421875 0.706770833984375 0.060185185546875 0.708854166015625 0.062962962890625
2 0.776041666015625 0.05277777734375 0.777604166015625 0.053703703125 0.780729166015625 0.053703703125 0.781770833984375 0.05277777734375 0.781770833984375 0.0481481484375 0.780208333984375 0.04537037109375 0.777083333984375 0.04537037109375 0.775520833984375 0.046296296875 0.775 0.05 0.776041666015625 0.05277777734375
0 0.255208333984375 0.27777777734375 0.296354166015625 0.25092592578125 0.3078125 0.233333333984375 0.308333333984375 0.2231481484375 0.298958333984375 0.213888888671875 0.271875 0.215740740234375 0.252604166015625 0.2268518515625 0.233854166015625 0.25462962890625 0.235416666015625 0.271296296875 0.255208333984375 0.27777777734375
0 0.140104166015625 0.287962962890625 0.151041666015625 0.296296296875 0.164583333984375 0.286111111328125 0.169791666015625 0.27592592578125 0.166666666015625 0.262037037109375 0.158854166015625 0.24907407421875 0.14375 0.25092592578125 0.136979166015625 0.261111111328125 0.136458333984375 0.27407407421875 0.140104166015625 0.287962962890625
1 0.115104166015625 0.316666666015625 0.1265625 0.313888888671875 0.135677603515625 0.302161111328125 0.129027083984375 0.2850555546875 0.1203125 0.275 0.115104166015625 0.275 0.10625 0.287037037109375 0.106770833984375 0.303703703125 0.115104166015625 0.316666666015625
1 0.5828125 0.139814814453125 0.5953125 0.135185185546875 0.599479166015625 0.12962962890625 0.6 0.1194444453125 0.596354166015625 0.114814814453125 0.583333333984375 0.113888888671875 0.571875 0.12592592578125 0.571354166015625 0.137037037109375 0.5828125 0.139814814453125
1 0.7296875 0.058333333984375 0.730208333984375 0.060185185546875 0.7328125 0.062962962890625 0.734895833984375 0.062962962890625 0.7359375 0.062037037109375 0.738020833984375 0.056481482421875 0.738020833984375 0.053703703125 0.736458333984375 0.0518518515625 0.734375 0.05092592578125 0.730729166015625 0.0518518515625 0.7296875 0.053703703125 0.7296875 0.058333333984375
2 0.638541666015625 0.084259259765625 0.640104166015625 0.087037037109375 0.64375 0.090740740234375 0.6546875 0.090740740234375 0.657291666015625 0.087962962890625 0.6578125 0.085185185546875 0.6578125 0.0768518515625 0.65625 0.0731481484375 0.652604166015625 0.071296296875 0.646875 0.071296296875 0.64375 0.07222222265625 0.6421875 0.07407407421875 0.638541666015625 0.0805555546875 0.638541666015625 0.084259259765625