1 0.4171875 0.311111111328125 0.423958333984375 0.3231481484375 0.460416666015625 0.3444444453125 0.483333333984375 0.335185185546875 0.497916666015625 0.325 0.5 0.318518517578125 0.4984375 0.29907407421875 0.490625 0.281481482421875 0.463020833984375 0.266666666015625 0.439583333984375 0.268518517578125 0.415625 0.288888888671875 0.4140625 0.2944444453125 0.4171875 0.311111111328125
4 0.423958333984375 0.3231481484375 0.459895833984375 0.3444444453125 0.484375 0.334259259765625 0.497916666015625 0.325 0.5 0.317592591796875 0.4984375 0.29907407421875 0.491145833984375 0.282407408203125 0.463020833984375 0.266666666015625 0.439583333984375 0.268518517578125 0.415104166015625 0.289814814453125 0.416666666015625 0.309259259765625 0.423958333984375 0.3231481484375
2 0.283333333984375 0.45 0.345833333984375 0.460185185546875 0.372916666015625 0.432407408203125 0.3796875 0.414814814453125 0.3796875 0.4 0.372916666015625 0.368518517578125 0.317708333984375 0.363888888671875 0.296875 0.3768518515625 0.278645833984375 0.4 0.274479166015625 0.410185185546875 0.275520833984375 0.433333333984375 0.283333333984375 0.45
2 0.657291666015625 0.3444444453125 0.692708333984375 0.3481481484375 0.6953125 0.343518517578125 0.696354166015625 0.325 0.692708333984375 0.307407408203125 0.6796875 0.278703703125 0.659895833984375 0.27222222265625 0.64375 0.27222222265625 0.641666666015625 0.27777777734375 0.6421875 0.307407408203125 0.657291666015625 0.3444444453125
2 0.115625 0.3194444453125 0.131770833984375 0.311111111328125 0.1375 0.303703703125 0.13125 0.282407408203125 0.123958333984375 0.2731481484375 0.1140625 0.27222222265625 0.10625 0.284259259765625 0.10625 0.3018518515625 0.115625 0.3194444453125
2 0.144791666015625 0.287962962890625 0.1578125 0.27777777734375 0.163020833984375 0.268518517578125 0.157291666015625 0.2518518515625 0.147395833984375 0.240740740234375 0.140625 0.239814814453125 0.131770833984375 0.25 0.1328125 0.27777777734375 0.144791666015625 0.287962962890625
2 0.198958333984375 0.2694444453125 0.221354166015625 0.25092592578125 0.214583333984375 0.234259259765625 0.202083333984375 0.22407407421875 0.191666666015625 0.225 0.185416666015625 0.236111111328125 0.185416666015625 0.259259259765625 0.198958333984375 0.2694444453125
2 0.159375 0.243518517578125 0.171354166015625 0.2518518515625 0.18125 0.246296296875 0.1859375 0.2305555546875 0.176041666015625 0.215740740234375 0.1609375 0.216666666015625 0.156770833984375 0.22962962890625 0.15625 0.237962962890625 0.159375 0.243518517578125
2 0.0921875 0.24537037109375 0.103125 0.239814814453125 0.105729166015625 0.233333333984375 0.102083333984375 0.216666666015625 0.094270833984375 0.216666666015625 0.088020833984375 0.225 0.088020833984375 0.237962962890625 0.0921875 0.24537037109375
0 0.116145833984375 0.262037037109375 0.1296875 0.25277777734375 0.132291666015625 0.2444444453125 0.127083333984375 0.231481482421875 0.119791666015625 0.225 0.1078125 0.234259259765625 0.108333333984375 0.25462962890625 0.116145833984375 0.262037037109375
2 0.078125 0.231481482421875 0.084375 0.231481482421875 0.0921875 0.213888888671875 0.084895833984375 0.203703703125 0.078645833984375 0.2055555546875 0.073958333984375 0.212962962890625 0.074479166015625 0.22592592578125 0.078125 0.231481482421875
4 0.930729166015625 0.742592591796875 0.991145833984375 0.80462962890625 0.999479166015625 0.803703703125 0.999479166015625 0.6768518515625 0.977604166015625 0.658333333984375 0.938541666015625 0.65092592578125 0.927604166015625 0.661111111328125 0.921354166015625 0.686111111328125 0.921875 0.715740740234375 0.930729166015625 0.742592591796875
2 0.4390625 0.1731481484375 0.459895833984375 0.162037037109375 0.463541666015625 0.146296296875 0.459895833984375 0.131481482421875 0.448958333984375 0.128703703125 0.433333333984375 0.136111111328125 0.41875 0.157407408203125 0.41875 0.1694444453125 0.4390625 0.1731481484375
1 0.4875 0.1805555546875 0.507291666015625 0.185185185546875 0.527604166015625 0.171296296875 0.527604166015625 0.146296296875 0.521354166015625 0.138888888671875 0.5046875 0.139814814453125 0.483333333984375 0.168518517578125 0.483333333984375 0.175 0.4875 0.1805555546875
2 0.54375 0.159259259765625 0.5609375 0.15277777734375 0.565625 0.146296296875 0.5640625 0.12962962890625 0.5546875 0.12037037109375 0.547916666015625 0.12037037109375 0.528645833984375 0.140740740234375 0.5296875 0.153703703125 0.54375 0.159259259765625
2 0.54375 0.1231481484375 0.5546875 0.113888888671875 0.55625 0.10462962890625 0.553125 0.09537037109375 0.544791666015625 0.093518517578125 0.534375 0.0981481484375 0.522395833984375 0.111111111328125 0.523958333984375 0.1194444453125 0.54375 0.1231481484375
1 0.486979166015625 0.14537037109375 0.502083333984375 0.138888888671875 0.508333333984375 0.12962962890625 0.502604166015625 0.118518517578125 0.486458333984375 0.117592591796875 0.4703125 0.137037037109375 0.4703125 0.143518517578125 0.486979166015625 0.14537037109375
1 0.578125 0.10462962890625 0.5796875 0.09907407421875 0.578645833984375 0.088888888671875 0.56875 0.084259259765625 0.5546875 0.091666666015625 0.5578125 0.110185185546875 0.578125 0.10462962890625
0 0.6625 0.07222222265625 0.6703125 0.07407407421875 0.6765625 0.07037037109375 0.6765625 0.060185185546875 0.674479166015625 0.057407408203125 0.661979166015625 0.060185185546875 0.658854166015625 0.068518517578125 0.6625 0.07222222265625
2 0.622916666015625 0.091666666015625 0.624479166015625 0.0805555546875 0.621875 0.07407407421875 0.611458333984375 0.07222222265625 0.608854166015625 0.07592592578125 0.608854166015625 0.0944444453125 0.622916666015625 0.091666666015625
0 0.976041666015625 0.928703703125 0.9859375 0.934259259765625 0.999479166015625 0.92407407421875 0.999479166015625 0.806481482421875 0.990625 0.810185185546875 0.977083333984375 0.838888888671875 0.972395833984375 0.8694444453125 0.971875 0.891666666015625 0.976041666015625 0.928703703125