4 0.508333333984375 0.383333333984375 0.58125 0.438888888671875 0.6015625 0.434259259765625 0.624479166015625 0.412037037109375 0.628645833984375 0.392592591796875 0.627604166015625 0.34722222265625 0.622916666015625 0.32962962890625 0.558854166015625 0.29537037109375 0.540625 0.3 0.523958333984375 0.313888888671875 0.507291666015625 0.337962962890625 0.504166666015625 0.35092592578125 0.503645833984375 0.3694444453125 0.508333333984375 0.383333333984375
2 0.490625 0.312962962890625 0.522395833984375 0.316666666015625 0.558333333984375 0.291666666015625 0.551041666015625 0.271296296875 0.527604166015625 0.260185185546875 0.4921875 0.268518517578125 0.485416666015625 0.27222222265625 0.4828125 0.278703703125 0.483333333984375 0.303703703125 0.490625 0.312962962890625
2 0.328125 0.271296296875 0.352083333984375 0.286111111328125 0.377083333984375 0.27037037109375 0.380729166015625 0.261111111328125 0.378125 0.24537037109375 0.366666666015625 0.22962962890625 0.352083333984375 0.22962962890625 0.326041666015625 0.2444444453125 0.325 0.259259259765625 0.328125 0.271296296875
2 0.5015625 0.185185185546875 0.525885416015625 0.172063888671875 0.525 0.14907407421875 0.515625 0.141666666015625 0.497916666015625 0.1481481484375 0.483854166015625 0.166666666015625 0.483854166015625 0.17777777734375 0.5015625 0.185185185546875
2 0.484375 0.165740740234375 0.516666666015625 0.140740740234375 0.509375 0.12222222265625 0.5 0.12222222265625 0.4859375 0.131481482421875 0.471875 0.15092592578125 0.472395833984375 0.161111111328125 0.484375 0.165740740234375
2 0.366666666015625 0.17222222265625 0.3734375 0.17592592578125 0.4046875 0.168518517578125 0.409375 0.161111111328125 0.405208333984375 0.1444444453125 0.397916666015625 0.141666666015625 0.386458333984375 0.143518517578125 0.369791666015625 0.159259259765625 0.366666666015625 0.164814814453125 0.366666666015625 0.17222222265625
2 0.197916666015625 0.99907407421875 0.186458333984375 0.959259259765625 0.176041666015625 0.9444444453125 0.161979166015625 0.937037037109375 0.096354166015625 0.961111111328125 0.0703125 0.97962962890625 0.055208333984375 0.996296296875 0.0546875 0.99907407421875 0.197916666015625 0.99907407421875
1 0.428645833984375 0.178703703125 0.453645833984375 0.164814814453125 0.456770833984375 0.1518518515625 0.453125 0.14537037109375 0.438020833984375 0.141666666015625 0.428125 0.14537037109375 0.4125 0.162962962890625 0.411979166015625 0.175 0.428645833984375 0.178703703125
2 0.681770833984375 0.092592591796875 0.692708333984375 0.093518517578125 0.699479166015625 0.091666666015625 0.700520833984375 0.07962962890625 0.6890625 0.071296296875 0.684895833984375 0.0731481484375 0.6796875 0.083333333984375 0.678645833984375 0.087962962890625 0.681770833984375 0.092592591796875
2 0.733333333984375 0.066666666015625 0.734375 0.068518517578125 0.736458333984375 0.07037037109375 0.741145833984375 0.071296296875 0.7421875 0.07037037109375 0.743229166015625 0.067592591796875 0.742708333984375 0.060185185546875 0.741145833984375 0.056481482421875 0.736979166015625 0.056481482421875 0.7359375 0.057407408203125 0.733333333984375 0.062037037109375 0.7328125 0.063888888671875 0.733333333984375 0.066666666015625
2 0.745017708984375 0.051362962890625 0.74624375 0.053211111328125 0.746875 0.05462962890625 0.751041666015625 0.05462962890625 0.752604166015625 0.05277777734375 0.752604166015625 0.0481481484375 0.752083333984375 0.046296296875 0.751041666015625 0.04537037109375 0.747916666015625 0.0444444453125 0.745768228515625 0.046807408203125 0.74581875 0.04885277734375 0.745305728515625 0.050442591796875 0.745017708984375 0.051362962890625
2 0.8046875 0.085185185546875 0.805729166015625 0.087037037109375 0.809375 0.088888888671875 0.8125 0.088888888671875 0.8140625 0.087962962890625 0.813541666015625 0.07962962890625 0.813020833984375 0.07777777734375 0.811979166015625 0.0768518515625 0.806770833984375 0.0768518515625 0.80625 0.07777777734375 0.8046875 0.083333333984375 0.8046875 0.085185185546875
2 0.909375 0.6055555546875 0.966666666015625 0.665740740234375 0.974479166015625 0.667592591796875 0.983333333984375 0.662037037109375 0.9921875 0.6444444453125 0.9953125 0.610185185546875 0.990625 0.59722222265625 0.966666666015625 0.562962962890625 0.917708333984375 0.543518517578125 0.908333333984375 0.55 0.902083333984375 0.5694444453125 0.9015625 0.587962962890625 0.909375 0.6055555546875
2 0.947916666015625 0.483333333984375 0.952083333984375 0.482407408203125 0.95625 0.4694444453125 0.956770833984375 0.4444444453125 0.948958333984375 0.4018518515625 0.945833333984375 0.396296296875 0.931770833984375 0.396296296875 0.928125 0.40462962890625 0.925 0.4268518515625 0.925520833984375 0.466666666015625 0.947916666015625 0.483333333984375
1 0.9234375 0.403703703125 0.928645833984375 0.4055555546875 0.9453125 0.3944444453125 0.945833333984375 0.378703703125 0.938020833984375 0.35462962890625 0.9234375 0.35 0.9203125 0.362962962890625 0.9203125 0.390740740234375 0.9234375 0.403703703125
0 0.153645833984375 0.29722222265625 0.175520833984375 0.2768518515625 0.172395833984375 0.262037037109375 0.166666666015625 0.25092592578125 0.154166666015625 0.241666666015625 0.146875 0.24537037109375 0.140625 0.25462962890625 0.1375 0.266666666015625 0.139583333984375 0.286111111328125 0.153645833984375 0.29722222265625
0 0.1765625 0.257407408203125 0.191666666015625 0.265740740234375 0.209895833984375 0.25462962890625 0.214583333984375 0.2444444453125 0.206770833984375 0.225 0.195833333984375 0.215740740234375 0.1828125 0.22222222265625 0.179166666015625 0.231481482421875 0.175 0.24537037109375 0.1765625 0.257407408203125
0 0.129166666015625 0.275 0.134895833984375 0.2731481484375 0.145833333984375 0.2481481484375 0.144791666015625 0.241666666015625 0.133854166015625 0.2268518515625 0.1265625 0.228703703125 0.118229166015625 0.239814814453125 0.118229166015625 0.264814814453125 0.129166666015625 0.275
2 0.060416666015625 0.20092592578125 0.074479166015625 0.1981481484375 0.077604166015625 0.191666666015625 0.073958333984375 0.182407408203125 0.063541666015625 0.185185185546875 0.059375 0.191666666015625 0.058333333984375 0.1981481484375 0.060416666015625 0.20092592578125
4 0.065104166015625 0.259259259765625 0.070833333984375 0.267592591796875 0.077083333984375 0.265740740234375 0.084895833984375 0.2444444453125 0.0796875 0.2305555546875 0.0734375 0.2268518515625 0.063541666015625 0.233333333984375 0.063020833984375 0.25092592578125 0.065104166015625 0.259259259765625
2 0.025520833984375 0.232407408203125 0.033333333984375 0.2268518515625 0.030208333984375 0.217592591796875 0.025520833984375 0.214814814453125 0.015104166015625 0.2231481484375 0.015104166015625 0.228703703125 0.025520833984375 0.232407408203125
2 0.058333333984375 0.2305555546875 0.0609375 0.2268518515625 0.0625 0.211111111328125 0.057291666015625 0.208333333984375 0.046875 0.216666666015625 0.0484375 0.2305555546875 0.058333333984375 0.2305555546875
2 0.084895833984375 0.241666666015625 0.092708333984375 0.2444444453125 0.096354166015625 0.240740740234375 0.0984375 0.2231481484375 0.094791666015625 0.213888888671875 0.0890625 0.212962962890625 0.080208333984375 0.221296296875 0.078645833984375 0.2268518515625 0.084895833984375 0.241666666015625
2 0.1125 0.253703703125 0.115104166015625 0.25 0.11875 0.237037037109375 0.113541666015625 0.22222222265625 0.104166666015625 0.22037037109375 0.0984375 0.2268518515625 0.100520833984375 0.2518518515625 0.1125 0.253703703125
2 0.088020833984375 0.284259259765625 0.093229166015625 0.282407408203125 0.1015625 0.264814814453125 0.088541666015625 0.24537037109375 0.084375 0.24537037109375 0.078645833984375 0.258333333984375 0.080208333984375 0.27777777734375 0.088020833984375 0.284259259765625
2 0.116145833984375 0.325 0.133854166015625 0.312962962890625 0.136458333984375 0.306481482421875 0.136458333984375 0.3 0.130208333984375 0.287962962890625 0.121875 0.278703703125 0.1125 0.2805555546875 0.106770833984375 0.29537037109375 0.108854166015625 0.315740740234375 0.116145833984375 0.325
1 0.105208333984375 0.30462962890625 0.1171875 0.278703703125 0.107291666015625 0.263888888671875 0.103125 0.263888888671875 0.096875 0.2731481484375 0.097916666015625 0.293518517578125 0.105208333984375 0.30462962890625
1 0.194791666015625 0.212037037109375 0.208333333984375 0.206481482421875 0.2109375 0.2018518515625 0.208854166015625 0.192592591796875 0.200520833984375 0.186111111328125 0.19375 0.187962962890625 0.1875 0.19722222265625 0.186979166015625 0.207407408203125 0.194791666015625 0.212037037109375
2 0.1671875 0.25 0.174479166015625 0.24537037109375 0.180208333984375 0.225 0.174479166015625 0.212037037109375 0.16875 0.207407408203125 0.159375 0.209259259765625 0.153125 0.216666666015625 0.153125 0.238888888671875 0.1671875 0.25
2 0.140104166015625 0.232407408203125 0.149479166015625 0.22592592578125 0.153125 0.212962962890625 0.1484375 0.2 0.140625 0.1944444453125 0.130208333984375 0.19537037109375 0.125 0.20277777734375 0.1265625 0.225 0.140104166015625 0.232407408203125
0 0.114583333984375 0.22037037109375 0.123958333984375 0.212037037109375 0.1234375 0.20277777734375 0.113541666015625 0.193518517578125 0.096354166015625 0.2055555546875 0.100520833984375 0.2194444453125 0.114583333984375 0.22037037109375
2 0.1265625 0.19907407421875 0.138020833984375 0.190740740234375 0.140625 0.183333333984375 0.138541666015625 0.17777777734375 0.130208333984375 0.175 0.11875 0.185185185546875 0.117708333984375 0.1944444453125 0.1265625 0.19907407421875
4 0.063541666015625 0.232407408203125 0.077083333984375 0.2268518515625 0.083075 0.21797592578125 0.0765625 0.208333333984375 0.067708333984375 0.208333333984375 0.0625 0.212962962890625 0.0609375 0.2231481484375 0.063541666015625 0.232407408203125
1 0 0.239814814453125 0.00625 0.238888888671875 0.010416666015625 0.235185185546875 0.0125 0.2305555546875 0.0125 0.22962962890625 0.010416666015625 0.22592592578125 0.009375 0.225 0.004166666015625 0.225 0 0.228703703125 0 0.239814814453125