3 0.635416666015625 0.085185185546875 0.661979166015625 0.078703703125 0.668229166015625 0.067592591796875 0.667708333984375 0.041666666015625 0.661458333984375 0.037037037109375 0.622916666015625 0.042592591796875 0.611979166015625 0.046296296875 0.60625 0.060185185546875 0.609375 0.082407408203125 0.635416666015625 0.085185185546875
0 0.73125 0.67962962890625 0.739583333984375 0.696296296875 0.803645833984375 0.732407408203125 0.822395833984375 0.618518517578125 0.808333333984375 0.607407408203125 0.752604166015625 0.590740740234375 0.736458333984375 0.606481482421875 0.7265625 0.640740740234375 0.725520833984375 0.64722222265625 0.73125 0.67962962890625
0 0.81875 0.762962962890625 0.83125 0.7805555546875 0.864583333984375 0.781481482421875 0.8765625 0.75277777734375 0.8859375 0.711111111328125 0.886979166015625 0.69537037109375 0.842708333984375 0.636111111328125 0.834375 0.6305555546875 0.823958333984375 0.7018518515625 0.817708333984375 0.75462962890625 0.81875 0.762962962890625
0 0.6859375 0.508333333984375 0.69375 0.535185185546875 0.786979166015625 0.603703703125 0.8203125 0.612037037109375 0.822395833984375 0.609259259765625 0.824479166015625 0.6018518515625 0.825 0.57037037109375 0.788541666015625 0.47962962890625 0.7546875 0.458333333984375 0.7140625 0.45092592578125 0.698958333984375 0.457407408203125 0.690104166015625 0.47037037109375 0.6859375 0.493518517578125 0.6859375 0.508333333984375
0 0.080208333984375 0.27407407421875 0.0859375 0.27407407421875 0.1 0.258333333984375 0.09375 0.238888888671875 0.089583333984375 0.236111111328125 0.084895833984375 0.237037037109375 0.0734375 0.25092592578125 0.0765625 0.27037037109375 0.080208333984375 0.27407407421875
0 0.781770833984375 0.116666666015625 0.786979166015625 0.115740740234375 0.7890625 0.109259259765625 0.788541666015625 0.1018518515625 0.7828125 0.0944444453125 0.775 0.10277777734375 0.775 0.111111111328125 0.781770833984375 0.116666666015625
2 0.716666666015625 0.4194444453125 0.75625 0.458333333984375 0.780729166015625 0.466666666015625 0.79375 0.461111111328125 0.796354166015625 0.45462962890625 0.7984375 0.4305555546875 0.79375 0.410185185546875 0.769270833984375 0.382407408203125 0.738020833984375 0.37407407421875 0.720833333984375 0.37407407421875 0.715104166015625 0.381481482421875 0.710416666015625 0.396296296875 0.709895833984375 0.40462962890625 0.716666666015625 0.4194444453125
1 0.428645833984375 0.168518517578125 0.445833333984375 0.1694444453125 0.464583333984375 0.159259259765625 0.46875 0.143518517578125 0.463541666015625 0.137962962890625 0.449479166015625 0.136111111328125 0.4421875 0.138888888671875 0.427604166015625 0.157407408203125 0.4265625 0.165740740234375 0.428645833984375 0.168518517578125
1 0.4734375 0.146296296875 0.488020833984375 0.14722222265625 0.50625 0.137962962890625 0.507291666015625 0.12962962890625 0.502604166015625 0.118518517578125 0.486979166015625 0.1194444453125 0.470833333984375 0.139814814453125 0.4703125 0.143518517578125 0.4734375 0.146296296875
1 0.133333333984375 0.27407407421875 0.138541666015625 0.27037037109375 0.1515625 0.24722222265625 0.1453125 0.240740740234375 0.134895833984375 0.237962962890625 0.1265625 0.241666666015625 0.122395833984375 0.25092592578125 0.122916666015625 0.268518517578125 0.133333333984375 0.27407407421875
1 0.097916666015625 0.296296296875 0.10625 0.293518517578125 0.111979166015625 0.27592592578125 0.098958333984375 0.257407408203125 0.0890625 0.27037037109375 0.091666666015625 0.287962962890625 0.097916666015625 0.296296296875
2 0.296354166015625 0.29907407421875 0.305208333984375 0.253703703125 0.303645833984375 0.25 0.275520833984375 0.25277777734375 0.26875 0.2768518515625 0.269270833984375 0.3055555546875 0.296354166015625 0.29907407421875
2 0.247916666015625 0.215740740234375 0.2640625 0.210185185546875 0.267708333984375 0.2 0.264583333984375 0.191666666015625 0.255729166015625 0.186111111328125 0.240625 0.190740740234375 0.241145833984375 0.208333333984375 0.247916666015625 0.215740740234375
2 0.116145833984375 0.318518517578125 0.1234375 0.32037037109375 0.1359375 0.307407408203125 0.134375 0.29537037109375 0.122916666015625 0.27592592578125 0.1140625 0.2768518515625 0.110416666015625 0.283333333984375 0.1078125 0.29722222265625 0.116145833984375 0.318518517578125
2 0.146354166015625 0.289814814453125 0.1578125 0.290740740234375 0.167708333984375 0.282407408203125 0.171875 0.2731481484375 0.164583333984375 0.25462962890625 0.1578125 0.24907407421875 0.15 0.25 0.140104166015625 0.263888888671875 0.136979166015625 0.27592592578125 0.146354166015625 0.289814814453125
2 0.178125 0.2518518515625 0.1890625 0.260185185546875 0.205729166015625 0.25 0.209375 0.240740740234375 0.208854166015625 0.233333333984375 0.204166666015625 0.225 0.190104166015625 0.214814814453125 0.177604166015625 0.22037037109375 0.174479166015625 0.22962962890625 0.174479166015625 0.240740740234375 0.178125 0.2518518515625
2 0.139583333984375 0.22962962890625 0.146354166015625 0.2268518515625 0.152604166015625 0.210185185546875 0.151041666015625 0.20462962890625 0.140104166015625 0.19537037109375 0.133333333984375 0.196296296875 0.128645833984375 0.203703703125 0.129166666015625 0.2194444453125 0.139583333984375 0.22962962890625
2 0.154166666015625 0.24537037109375 0.164583333984375 0.24537037109375 0.1734375 0.235185185546875 0.178645833984375 0.216666666015625 0.1609375 0.20462962890625 0.153645833984375 0.210185185546875 0.148958333984375 0.22037037109375 0.148958333984375 0.234259259765625 0.154166666015625 0.24537037109375
1 0.108854166015625 0.257407408203125 0.119791666015625 0.25462962890625 0.1265625 0.240740740234375 0.1171875 0.22222222265625 0.111979166015625 0.22222222265625 0.1046875 0.232407408203125 0.104166666015625 0.241666666015625 0.108854166015625 0.257407408203125
2 0.0984375 0.24722222265625 0.104166666015625 0.2444444453125 0.109895833984375 0.2231481484375 0.1078125 0.215740740234375 0.1 0.212037037109375 0.089583333984375 0.22037037109375 0.089583333984375 0.232407408203125 0.0984375 0.24722222265625
2 0.0796875 0.233333333984375 0.086979166015625 0.231481482421875 0.0953125 0.212962962890625 0.088541666015625 0.2018518515625 0.0765625 0.209259259765625 0.0765625 0.22592592578125 0.0796875 0.233333333984375
2 0.1125 0.217592591796875 0.121875 0.22222222265625 0.127083333984375 0.218518517578125 0.128645833984375 0.196296296875 0.1265625 0.193518517578125 0.118229166015625 0.192592591796875 0.109895833984375 0.2 0.108854166015625 0.2055555546875 0.1125 0.217592591796875
2 0.01875 0.234259259765625 0.030729166015625 0.2231481484375 0.0234375 0.210185185546875 0.010416666015625 0.2194444453125 0.0109375 0.2305555546875 0.01875 0.234259259765625
2 0.144270833984375 0.186111111328125 0.159375 0.171296296875 0.14375 0.163888888671875 0.134375 0.17407407421875 0.133333333984375 0.182407408203125 0.144270833984375 0.186111111328125
2 0.640625 0.2305555546875 0.661458333984375 0.239814814453125 0.678645833984375 0.22777777734375 0.682291666015625 0.206481482421875 0.674479166015625 0.192592591796875 0.654166666015625 0.189814814453125 0.6421875 0.2 0.638541666015625 0.214814814453125 0.638020833984375 0.22407407421875 0.640625 0.2305555546875
2 0.715625 0.165740740234375 0.727604166015625 0.1731481484375 0.738020833984375 0.164814814453125 0.736979166015625 0.1518518515625 0.730729166015625 0.141666666015625 0.719270833984375 0.142592591796875 0.713541666015625 0.153703703125 0.713020833984375 0.161111111328125 0.715625 0.165740740234375
2 0.800520833984375 0.10092592578125 0.799479166015625 0.087962962890625 0.791666666015625 0.090740740234375 0.7921875 0.1 0.800520833984375 0.10092592578125
2 0.731770833984375 0.057407408203125 0.7296875 0.04722222265625 0.722395833984375 0.05092592578125 0.7234375 0.058333333984375 0.731770833984375 0.057407408203125
2 0.678125 0.07037037109375 0.690625 0.067592591796875 0.688020833984375 0.05462962890625 0.6765625 0.056481482421875 0.675520833984375 0.063888888671875 0.678125 0.07037037109375
0 0.544791666015625 0.1018518515625 0.570833333984375 0.09537037109375 0.5671875 0.084259259765625 0.560416666015625 0.07777777734375 0.551041666015625 0.07962962890625 0.54375 0.087962962890625 0.541666666015625 0.09907407421875 0.544791666015625 0.1018518515625
1 0.441145833984375 0.05 0.443229166015625 0.046296296875 0.4359375 0.038888888671875 0.4234375 0.043518517578125 0.424479166015625 0.05277777734375 0.441145833984375 0.05
2 0.5015625 0.036111111328125 0.5078125 0.0305555546875 0.5 0.02222222265625 0.4890625 0.028703703125 0.490625 0.036111111328125 0.5015625 0.036111111328125
2 0.8171875 0.081481482421875 0.816145833984375 0.07407407421875 0.8109375 0.075 0.8109375 0.082407408203125 0.8171875 0.081481482421875
2 0.822395833984375 0.078703703125 0.828125 0.07592592578125 0.831770833984375 0.068518517578125 0.825520833984375 0.062037037109375 0.819270833984375 0.065740740234375 0.81875 0.075 0.822395833984375 0.078703703125
1 0.558333333984375 0.32222222265625 0.5890625 0.32777777734375 0.6125 0.30277777734375 0.616666666015625 0.293518517578125 0.616666666015625 0.285185185546875 0.6125 0.271296296875 0.580208333984375 0.262962962890625 0.565104166015625 0.2768518515625 0.555208333984375 0.293518517578125 0.553125 0.30277777734375 0.553125 0.313888888671875 0.558333333984375 0.32222222265625