1 0.088020833984375 0.862037037109375 0.094791666015625 0.871296296875 0.108854166015625 0.871296296875 0.175 0.796296296875 0.180729166015625 0.760185185546875 0.171875 0.728703703125 0.158854166015625 0.716666666015625 0.149479166015625 0.713888888671875 0.11875 0.721296296875 0.106770833984375 0.728703703125 0.078645833984375 0.762962962890625 0.072395833984375 0.77777777734375 0.073958333984375 0.813888888671875 0.088020833984375 0.862037037109375
2 0.14375 0.643518517578125 0.1765625 0.64537037109375 0.242708333984375 0.57777777734375 0.252083333984375 0.55277777734375 0.252083333984375 0.539814814453125 0.245833333984375 0.525 0.235416666015625 0.515740740234375 0.188020833984375 0.52407407421875 0.159375 0.55 0.136979166015625 0.588888888671875 0.136458333984375 0.609259259765625 0.14375 0.643518517578125
2 0.697395833984375 0.19537037109375 0.711979166015625 0.19907407421875 0.722916666015625 0.186111111328125 0.721875 0.1768518515625 0.7140625 0.166666666015625 0.702604166015625 0.163888888671875 0.694270833984375 0.175 0.692708333984375 0.188888888671875 0.697395833984375 0.19537037109375
2 0.671354166015625 0.17037037109375 0.685416666015625 0.1731481484375 0.696875 0.166666666015625 0.7 0.1518518515625 0.69375 0.1444444453125 0.678645833984375 0.143518517578125 0.670833333984375 0.15 0.668229166015625 0.158333333984375 0.667708333984375 0.164814814453125 0.671354166015625 0.17037037109375
2 0.459375 0.168518517578125 0.474479166015625 0.17037037109375 0.491666666015625 0.159259259765625 0.498958333984375 0.14537037109375 0.4921875 0.137962962890625 0.477604166015625 0.137037037109375 0.456770833984375 0.15462962890625 0.455729166015625 0.162962962890625 0.459375 0.168518517578125
2 0.651041666015625 0.071296296875 0.665625 0.07037037109375 0.6640625 0.060185185546875 0.6609375 0.056481482421875 0.65 0.057407408203125 0.647916666015625 0.061111111328125 0.651041666015625 0.071296296875
4 0.213020833984375 0.20462962890625 0.2375 0.2018518515625 0.255208333984375 0.1944444453125 0.257291666015625 0.185185185546875 0.254166666015625 0.175 0.236458333984375 0.171296296875 0.222395833984375 0.1768518515625 0.214583333984375 0.184259259765625 0.209895833984375 0.1944444453125 0.209895833984375 0.20092592578125 0.213020833984375 0.20462962890625
0 0.5015625 0.37592592578125 0.536458333984375 0.384259259765625 0.578125 0.337037037109375 0.580208333984375 0.30462962890625 0.575520833984375 0.29537037109375 0.569791666015625 0.291666666015625 0.544270833984375 0.284259259765625 0.530729166015625 0.285185185546875 0.518229166015625 0.296296296875 0.490625 0.339814814453125 0.490104166015625 0.356481482421875 0.5015625 0.37592592578125
2 0.430729166015625 0.339814814453125 0.443229166015625 0.3481481484375 0.469270833984375 0.353703703125 0.479166666015625 0.35092592578125 0.508333333984375 0.318518517578125 0.511979166015625 0.311111111328125 0.513541666015625 0.2981481484375 0.509375 0.27592592578125 0.478125 0.266666666015625 0.459375 0.266666666015625 0.441666666015625 0.27222222265625 0.434895833984375 0.27592592578125 0.4265625 0.292592591796875 0.427604166015625 0.331481482421875 0.430729166015625 0.339814814453125
2 0.761458333984375 0.57777777734375 0.824479166015625 0.59722222265625 0.828645833984375 0.561111111328125 0.829166666015625 0.50462962890625 0.8015625 0.49537037109375 0.760416666015625 0.496296296875 0.75 0.509259259765625 0.747395833984375 0.52222222265625 0.747395833984375 0.55 0.761458333984375 0.57777777734375
2 0.838541666015625 0.6055555546875 0.854166666015625 0.60092592578125 0.866666666015625 0.5805555546875 0.859375 0.535185185546875 0.85625 0.52777777734375 0.847916666015625 0.518518517578125 0.844270833984375 0.531481482421875 0.8375 0.591666666015625 0.838541666015625 0.6055555546875
2 0.4875 0.178703703125 0.5046875 0.185185185546875 0.526041666015625 0.17777777734375 0.5296875 0.171296296875 0.53125 0.14722222265625 0.526041666015625 0.139814814453125 0.5109375 0.137962962890625 0.502083333984375 0.143518517578125 0.485416666015625 0.167592591796875 0.484895833984375 0.17407407421875 0.4875 0.178703703125
2 0.430208333984375 0.1731481484375 0.451041666015625 0.162962962890625 0.455208333984375 0.158333333984375 0.455729166015625 0.146296296875 0.4515625 0.135185185546875 0.435416666015625 0.135185185546875 0.415625 0.1555555546875 0.416666666015625 0.17222222265625 0.430208333984375 0.1731481484375
2 0.7421875 0.14722222265625 0.752604166015625 0.14907407421875 0.75625 0.141666666015625 0.75625 0.132407408203125 0.752083333984375 0.12592592578125 0.741145833984375 0.1268518515625 0.7390625 0.133333333984375 0.7375 0.140740740234375 0.7421875 0.14722222265625
2 0.65625 0.089814814453125 0.673958333984375 0.091666666015625 0.673958333984375 0.081481482421875 0.668229166015625 0.07037037109375 0.653645833984375 0.071296296875 0.6515625 0.078703703125 0.65625 0.089814814453125
2 0.64375 0.083333333984375 0.6484375 0.07777777734375 0.648958333984375 0.067592591796875 0.647395833984375 0.063888888671875 0.638020833984375 0.063888888671875 0.628125 0.07407407421875 0.6296875 0.081481482421875 0.64375 0.083333333984375
2 0.566666666015625 0.1481481484375 0.581770833984375 0.143518517578125 0.586458333984375 0.12407407421875 0.581770833984375 0.116666666015625 0.569791666015625 0.115740740234375 0.547916666015625 0.133333333984375 0.550520833984375 0.143518517578125 0.566666666015625 0.1481481484375
2 0.557291666015625 0.10462962890625 0.577083333984375 0.106481482421875 0.585416666015625 0.1018518515625 0.586458333984375 0.087962962890625 0.58125 0.07592592578125 0.570833333984375 0.0805555546875 0.55625 0.096296296875 0.5546875 0.09907407421875 0.557291666015625 0.10462962890625
2 0.779166666015625 0.12962962890625 0.7796875 0.112962962890625 0.7703125 0.109259259765625 0.76875 0.1268518515625 0.779166666015625 0.12962962890625
2 0.788020833984375 0.107407408203125 0.795833333984375 0.108333333984375 0.7984375 0.103703703125 0.795833333984375 0.093518517578125 0.7890625 0.092592591796875 0.786458333984375 0.096296296875 0.785416666015625 0.10462962890625 0.788020833984375 0.107407408203125
2 0.774479166015625 0.092592591796875 0.783854166015625 0.090740740234375 0.783854166015625 0.085185185546875 0.780208333984375 0.07962962890625 0.771875 0.081481482421875 0.771354166015625 0.087962962890625 0.774479166015625 0.092592591796875
2 0.816145833984375 0.081481482421875 0.822395833984375 0.07962962890625 0.819270833984375 0.0694444453125 0.815104166015625 0.07037037109375 0.813541666015625 0.07777777734375 0.816145833984375 0.081481482421875
2 0.7984375 0.081481482421875 0.796875 0.0694444453125 0.793229166015625 0.068518517578125 0.7890625 0.07592592578125 0.791666666015625 0.082407408203125 0.7984375 0.081481482421875
2 0.730729166015625 0.066666666015625 0.730208333984375 0.056481482421875 0.721354166015625 0.057407408203125 0.719270833984375 0.063888888671875 0.730729166015625 0.066666666015625
0 0.713541666015625 0.05462962890625 0.7234375 0.0518518515625 0.719791666015625 0.042592591796875 0.709895833984375 0.046296296875 0.709375 0.0518518515625 0.713541666015625 0.05462962890625
0 0.8234375 0.0731481484375 0.827604166015625 0.07592592578125 0.830208333984375 0.07407407421875 0.827604166015625 0.062037037109375 0.822395833984375 0.062037037109375 0.8234375 0.0731481484375
2 0.063020833984375 0.1981481484375 0.070833333984375 0.192592591796875 0.071875 0.185185185546875 0.0671875 0.17962962890625 0.060416666015625 0.1805555546875 0.0515625 0.191666666015625 0.052604166015625 0.2 0.063020833984375 0.1981481484375