4 0.195833333984375 0.340740740234375 0.204166666015625 0.343518517578125 0.213541666015625 0.341666666015625 0.253125 0.312962962890625 0.2640625 0.296296296875 0.258632291015625 0.269853703125 0.238541666015625 0.262037037109375 0.225 0.27037037109375 0.208854166015625 0.287037037109375 0.191666666015625 0.32037037109375 0.191145833984375 0.334259259765625 0.195833333984375 0.340740740234375
4 0.322916666015625 0.237037037109375 0.352083333984375 0.218518517578125 0.356770833984375 0.209259259765625 0.356770833984375 0.20092592578125 0.349479166015625 0.184259259765625 0.3375 0.182407408203125 0.316145833984375 0.19537037109375 0.303125 0.217592591796875 0.303645833984375 0.233333333984375 0.322916666015625 0.237037037109375
4 0.077604166015625 0.362037037109375 0.082291666015625 0.341666666015625 0.0796875 0.311111111328125 0.074479166015625 0.306481482421875 0.066145833984375 0.311111111328125 0.058854166015625 0.341666666015625 0.059375 0.37222222265625 0.077604166015625 0.362037037109375
2 0.143229166015625 0.287037037109375 0.157291666015625 0.278703703125 0.165104166015625 0.268518517578125 0.15625 0.24722222265625 0.147916666015625 0.239814814453125 0.134895833984375 0.243518517578125 0.130208333984375 0.253703703125 0.1328125 0.27777777734375 0.143229166015625 0.287037037109375
2 0.347916666015625 0.517592591796875 0.359375 0.533333333984375 0.39375 0.542592591796875 0.418590625 0.501593517578125 0.4453125 0.484259259765625 0.4515625 0.465740740234375 0.453645833984375 0.44907407421875 0.448958333984375 0.42777777734375 0.431351041015625 0.4146194453125 0.405678125 0.41882037109375 0.384477603515625 0.4276768515625 0.369505728515625 0.437 0.356952603515625 0.454385185546875 0.345833333984375 0.483333333984375 0.347916666015625 0.517592591796875
2 0.701041666015625 0.657407408203125 0.7828125 0.738888888671875 0.7921875 0.741666666015625 0.797395833984375 0.737962962890625 0.807291666015625 0.713888888671875 0.816666666015625 0.665740740234375 0.820833333984375 0.6194444453125 0.796875 0.593518517578125 0.771354166015625 0.575 0.7234375 0.565740740234375 0.703645833984375 0.57592592578125 0.6921875 0.603703703125 0.694791666015625 0.643518517578125 0.701041666015625 0.657407408203125
4 0.75 0.57037037109375 0.817708333984375 0.615740740234375 0.822916666015625 0.614814814453125 0.828645833984375 0.560185185546875 0.828125 0.517592591796875 0.824479166015625 0.506481482421875 0.8015625 0.49537037109375 0.763541666015625 0.4944444453125 0.748958333984375 0.5055555546875 0.741145833984375 0.52222222265625 0.739583333984375 0.535185185546875 0.738541666015625 0.546296296875 0.75 0.57037037109375
4 0.850520833984375 0.633333333984375 0.854166666015625 0.62962962890625 0.863541666015625 0.596296296875 0.866145833984375 0.57962962890625 0.866145833984375 0.55 0.848958333984375 0.52962962890625 0.8453125 0.528703703125 0.844270833984375 0.533333333984375 0.8375 0.60092592578125 0.836979166015625 0.62962962890625 0.850520833984375 0.633333333984375
2 0.664583333984375 0.241666666015625 0.679166666015625 0.22407407421875 0.6828125 0.206481482421875 0.673958333984375 0.193518517578125 0.6578125 0.188888888671875 0.645833333984375 0.196296296875 0.638541666015625 0.214814814453125 0.640104166015625 0.233333333984375 0.664583333984375 0.241666666015625
4 0.486979166015625 0.17962962890625 0.50625 0.185185185546875 0.526041666015625 0.17407407421875 0.530729166015625 0.14907407421875 0.520833333984375 0.137962962890625 0.505208333984375 0.140740740234375 0.483333333984375 0.167592591796875 0.483333333984375 0.17407407421875 0.486979166015625 0.17962962890625
1 0.571875 0.238888888671875 0.597395833984375 0.246296296875 0.6171875 0.2305555546875 0.61875 0.2194444453125 0.6109375 0.207407408203125 0.593229166015625 0.20462962890625 0.577083333984375 0.211111111328125 0.569791666015625 0.2268518515625 0.569270833984375 0.234259259765625 0.571875 0.238888888671875
1 0 0.487962962890625 0.036458333984375 0.45277777734375 0.047916666015625 0.431481482421875 0.04375 0.418518517578125 0.036458333984375 0.414814814453125 0.011979166015625 0.42407407421875 0 0.438888888671875 0 0.487962962890625
2 0 0.7055555546875 0.019270833984375 0.706481482421875 0.026041666015625 0.692592591796875 0.028645833984375 0.658333333984375 0.018229166015625 0.6194444453125 0.010416666015625 0.616666666015625 0.003645833984375 0.62037037109375 0 0.6231481484375 0 0.7055555546875
2 0.5333828125 0.122962962890625 0.55 0.113888888671875 0.551041666015625 0.09907407421875 0.547916666015625 0.093518517578125 0.5359375 0.093518517578125 0.517708333984375 0.111111111328125 0.51875 0.121296296875 0.5333828125 0.122962962890625
2 0.744270833984375 0.162962962890625 0.751041666015625 0.156481482421875 0.753125 0.14722222265625 0.752083333984375 0.137037037109375 0.7453125 0.1305555546875 0.733854166015625 0.133333333984375 0.730208333984375 0.143518517578125 0.730729166015625 0.15462962890625 0.744270833984375 0.162962962890625
2 0.779166666015625 0.12592592578125 0.7828125 0.12222222265625 0.781770833984375 0.108333333984375 0.771875 0.107407408203125 0.770833333984375 0.12222222265625 0.779166666015625 0.12592592578125
1 0.6265625 0.085185185546875 0.633333333984375 0.081481482421875 0.632291666015625 0.0731481484375 0.628645833984375 0.07037037109375 0.619270833984375 0.07222222265625 0.614583333984375 0.07777777734375 0.614583333984375 0.082407408203125 0.6265625 0.085185185546875
2 0.678645833984375 0.065740740234375 0.684375 0.059259259765625 0.68125 0.05092592578125 0.671875 0.0518518515625 0.668027603515625 0.062716666015625 0.678645833984375 0.065740740234375
2 0.733854166015625 0.057407408203125 0.730729166015625 0.046296296875 0.7234375 0.05092592578125 0.724479166015625 0.057407408203125 0.733854166015625 0.057407408203125
2 0.771875 0.09907407421875 0.7796875 0.09907407421875 0.780208333984375 0.084259259765625 0.772395833984375 0.0805555546875 0.7703125 0.084259259765625 0.771875 0.09907407421875
2 0.805678646484375 0.076867591796875 0.802604166015625 0.066666666015625 0.797648958984375 0.070859259765625 0.799890103515625 0.0773518515625 0.805678646484375 0.076867591796875
2 0.808854166015625 0.091666666015625 0.809375 0.083333333984375 0.802604166015625 0.084259259765625 0.802604166015625 0.090740740234375 0.808854166015625 0.091666666015625
2 0.032291666015625 0.208333333984375 0.038020833984375 0.1981481484375 0.03125 0.191666666015625 0.0234375 0.203703703125 0.024479166015625 0.210185185546875 0.032291666015625 0.208333333984375
1 0.994791666015625 0.435185185546875 0.999479166015625 0.417592591796875 0.999479166015625 0.390740740234375 0.9875 0.384259259765625 0.979166666015625 0.4018518515625 0.979166666015625 0.421296296875 0.994791666015625 0.435185185546875
1 0.894893228515625 0.164762962890625 0.900520833984375 0.1694444453125 0.901041666015625 0.1694444453125 0.902604166015625 0.164814814453125 0.902604166015625 0.15462962890625 0.9015625 0.15092592578125 0.897041146484375 0.147887962890625 0.8941359375 0.149037037109375 0.893218228515625 0.152886111328125 0.892945833984375 0.15680277734375 0.8927046875 0.15957222265625 0.894893228515625 0.164762962890625