0 0.8 0.5 0.805208333984375 0.5 0.834895833984375 0.486111111328125 0.840104166015625 0.460185185546875 0.825520833984375 0.4444444453125 0.771875 0.435185185546875 0.763020833984375 0.446296296875 0.7578125 0.462962962890625 0.7578125 0.4731481484375 0.8 0.5
0 0.849479166015625 0.575 0.8734375 0.568518517578125 0.880208333984375 0.54907407421875 0.884375 0.511111111328125 0.852604166015625 0.484259259765625 0.848958333984375 0.485185185546875 0.847395833984375 0.490740740234375 0.841666666015625 0.5694444453125 0.849479166015625 0.575
0 0.825520833984375 0.538888888671875 0.83125 0.532407408203125 0.834895833984375 0.509259259765625 0.834375 0.489814814453125 0.83125 0.489814814453125 0.823958333984375 0.514814814453125 0.821354166015625 0.536111111328125 0.825520833984375 0.538888888671875
0 0.713541666015625 0.662037037109375 0.804166666015625 0.740740740234375 0.825 0.633333333984375 0.821875 0.6 0.788020833984375 0.5731481484375 0.730729166015625 0.559259259765625 0.7171875 0.567592591796875 0.702083333984375 0.607407408203125 0.7015625 0.628703703125 0.713541666015625 0.662037037109375
0 0.85 0.759259259765625 0.861458333984375 0.740740740234375 0.870833333984375 0.693518517578125 0.871354166015625 0.667592591796875 0.868229166015625 0.661111111328125 0.838541666015625 0.636111111328125 0.8328125 0.637037037109375 0.817708333984375 0.758333333984375 0.85 0.759259259765625
0 0.108854166015625 0.3731481484375 0.124479166015625 0.378703703125 0.1796875 0.336111111328125 0.195833333984375 0.311111111328125 0.1953125 0.282407408203125 0.175 0.27407407421875 0.151041666015625 0.290740740234375 0.127083333984375 0.310185185546875 0.104166666015625 0.34722222265625 0.105208333984375 0.364814814453125 0.108854166015625 0.3731481484375
0 0.4421875 0.14537037109375 0.4578125 0.146296296875 0.483333333984375 0.135185185546875 0.486458333984375 0.116666666015625 0.483854166015625 0.111111111328125 0.468229166015625 0.107407408203125 0.4546875 0.109259259765625 0.438020833984375 0.12962962890625 0.438020833984375 0.137037037109375 0.4421875 0.14537037109375
2 0.711458333984375 0.535185185546875 0.7171875 0.542592591796875 0.765625 0.57037037109375 0.802083333984375 0.581481482421875 0.806770833984375 0.581481482421875 0.809895833984375 0.571296296875 0.803645833984375 0.503703703125 0.784895833984375 0.486111111328125 0.7625 0.47407407421875 0.727083333984375 0.4731481484375 0.7140625 0.478703703125 0.706770833984375 0.493518517578125 0.705729166015625 0.515740740234375 0.711458333984375 0.535185185546875
2 0.325520833984375 0.588888888671875 0.3328125 0.592592591796875 0.3625 0.591666666015625 0.426041666015625 0.52037037109375 0.430208333984375 0.511111111328125 0.4328125 0.47592592578125 0.425 0.456481482421875 0.409375 0.446296296875 0.359895833984375 0.45462962890625 0.317708333984375 0.49537037109375 0.309375 0.510185185546875 0.30625 0.537962962890625 0.3078125 0.564814814453125 0.325520833984375 0.588888888671875
2 0 0.517592591796875 0.0109375 0.518518517578125 0.0484375 0.481481482421875 0.05625 0.458333333984375 0.052083333984375 0.431481482421875 0.04375 0.4194444453125 0.016145833984375 0.440740740234375 0.011458333984375 0.44907407421875 0 0.47037037109375 0 0.517592591796875
2 0.24375 0.20462962890625 0.259895833984375 0.191666666015625 0.2578125 0.1768518515625 0.253125 0.17222222265625 0.238020833984375 0.17407407421875 0.231770833984375 0.182407408203125 0.218052603515625 0.2082194453125 0.24375 0.20462962890625
2 0.441666666015625 0.341666666015625 0.4734375 0.357407408203125 0.508333333984375 0.3268518515625 0.5125 0.306481482421875 0.506770833984375 0.287962962890625 0.46875 0.2805555546875 0.44375 0.3018518515625 0.440104166015625 0.32037037109375 0.439583333984375 0.337962962890625 0.441666666015625 0.341666666015625
2 0.5640625 0.241666666015625 0.589583333984375 0.24907407421875 0.6125 0.232407408203125 0.614583333984375 0.22407407421875 0.6125 0.20092592578125 0.5953125 0.187962962890625 0.573958333984375 0.192592591796875 0.5640625 0.2018518515625 0.560416666015625 0.215740740234375 0.559895833984375 0.232407408203125 0.5640625 0.241666666015625
2 0.688541666015625 0.2268518515625 0.7 0.215740740234375 0.703125 0.2055555546875 0.700520833984375 0.187037037109375 0.6828125 0.1768518515625 0.671354166015625 0.183333333984375 0.664583333984375 0.1981481484375 0.664583333984375 0.217592591796875 0.688541666015625 0.2268518515625
2 0.340104166015625 0.237037037109375 0.359375 0.242592591796875 0.384895833984375 0.2268518515625 0.391145833984375 0.211111111328125 0.384375 0.191666666015625 0.372916666015625 0.187962962890625 0.355729166015625 0.19722222265625 0.338020833984375 0.225 0.3375 0.233333333984375 0.340104166015625 0.237037037109375
2 0.311458333984375 0.196296296875 0.3484375 0.184259259765625 0.3578125 0.171296296875 0.3578125 0.165740740234375 0.3515625 0.14907407421875 0.326041666015625 0.1518518515625 0.303645833984375 0.175 0.303645833984375 0.189814814453125 0.311458333984375 0.196296296875
2 0.183854166015625 0.259259259765625 0.196875 0.25462962890625 0.201041666015625 0.24907407421875 0.2 0.236111111328125 0.1890625 0.221296296875 0.178125 0.22222222265625 0.169791666015625 0.2305555546875 0.171354166015625 0.256481482421875 0.183854166015625 0.259259259765625
2 0.14375 0.287962962890625 0.170833333984375 0.27222222265625 0.157291666015625 0.2481481484375 0.146354166015625 0.24907407421875 0.140104166015625 0.258333333984375 0.140104166015625 0.278703703125 0.14375 0.287962962890625
2 0 0.82777777734375 0.038541666015625 0.8 0.04375 0.792592591796875 0.049479166015625 0.75462962890625 0.047395833984375 0.734259259765625 0.036979166015625 0.712037037109375 0.025520833984375 0.708333333984375 0 0.718518517578125 0 0.82777777734375
1 0.078645833984375 0.209259259765625 0.0828125 0.203703703125 0.0828125 0.19907407421875 0.075 0.189814814453125 0.0671875 0.192592591796875 0.063541666015625 0.19907407421875 0.0640625 0.211111111328125 0.078645833984375 0.209259259765625
1 0.517708333984375 0.17962962890625 0.533854166015625 0.1694444453125 0.5359375 0.143518517578125 0.53125 0.137037037109375 0.513020833984375 0.141666666015625 0.497916666015625 0.161111111328125 0.497916666015625 0.175 0.517708333984375 0.17962962890625
2 0.558333333984375 0.133333333984375 0.573958333984375 0.12592592578125 0.575 0.111111111328125 0.571354166015625 0.10092592578125 0.5609375 0.1 0.552083333984375 0.10462962890625 0.545833333984375 0.117592591796875 0.544791666015625 0.12777777734375 0.558333333984375 0.133333333984375
2 0.534895833984375 0.128703703125 0.544791666015625 0.1231481484375 0.555729166015625 0.0981481484375 0.547916666015625 0.0944444453125 0.5328125 0.09722222265625 0.519791666015625 0.113888888671875 0.520833333984375 0.12222222265625 0.534895833984375 0.128703703125
1 0.552083333984375 0.1018518515625 0.563541666015625 0.09537037109375 0.563020833984375 0.089814814453125 0.5578125 0.085185185546875 0.541145833984375 0.091666666015625 0.540625 0.0944444453125 0.552083333984375 0.1018518515625
2 0 0.715740740234375 0.008854166015625 0.713888888671875 0.03125 0.696296296875 0.040104166015625 0.664814814453125 0.038020833984375 0.64722222265625 0.03125 0.632407408203125 0.022395833984375 0.62407407421875 0.014583333984375 0.62407407421875 0 0.62777777734375 0 0.715740740234375
2 0.745833333984375 0.112037037109375 0.747916666015625 0.113888888671875 0.758333333984375 0.115740740234375 0.761458333984375 0.112037037109375 0.761458333984375 0.10462962890625 0.760416666015625 0.09907407421875 0.758333333984375 0.09537037109375 0.752083333984375 0.093518517578125 0.748958333984375 0.0944444453125 0.747916666015625 0.09537037109375 0.7453125 0.10277777734375 0.744791666015625 0.109259259765625 0.745833333984375 0.112037037109375
2 0.769270833984375 0.128703703125 0.770833333984375 0.131481482421875 0.776041666015625 0.131481482421875 0.779166666015625 0.1305555546875 0.781770833984375 0.1268518515625 0.781770833984375 0.1194444453125 0.780208333984375 0.112037037109375 0.778645833984375 0.109259259765625 0.7734375 0.106481482421875 0.770833333984375 0.106481482421875 0.769791666015625 0.107407408203125 0.769270833984375 0.109259259765625 0.76875 0.12592592578125 0.769270833984375 0.128703703125
2 0.670833333984375 0.061111111328125 0.671354166015625 0.062962962890625 0.675520833984375 0.064814814453125 0.682291666015625 0.064814814453125 0.683333333984375 0.063888888671875 0.685416666015625 0.060185185546875 0.6859375 0.057407408203125 0.6859375 0.053703703125 0.685416666015625 0.0518518515625 0.684375 0.05 0.682291666015625 0.0481481484375 0.677604166015625 0.0481481484375 0.675 0.04907407421875 0.671354166015625 0.0555555546875 0.670833333984375 0.057407408203125 0.670833333984375 0.061111111328125
2 0.70625 0.060185185546875 0.709895833984375 0.062962962890625 0.715625 0.062962962890625 0.7171875 0.062037037109375 0.718229166015625 0.060185185546875 0.71875 0.057407408203125 0.71875 0.05277777734375 0.7171875 0.04907407421875 0.710416666015625 0.04907407421875 0.709375 0.05 0.70625 0.0555555546875 0.70625 0.060185185546875
2 0.711458333984375 0.075 0.711979166015625 0.0768518515625 0.713541666015625 0.078703703125 0.716666666015625 0.07962962890625 0.722395833984375 0.07962962890625 0.723958333984375 0.078703703125 0.725 0.0768518515625 0.726041666015625 0.071296296875 0.725520833984375 0.067592591796875 0.725 0.066666666015625 0.7203125 0.063888888671875 0.716145833984375 0.063888888671875 0.715104166015625 0.064814814453125 0.711979166015625 0.07037037109375 0.711458333984375 0.07222222265625 0.711458333984375 0.075
2 0.724479166015625 0.053703703125 0.725 0.0555555546875 0.7265625 0.057407408203125 0.734375 0.057407408203125 0.735416666015625 0.05462962890625 0.735416666015625 0.04907407421875 0.734375 0.046296296875 0.730208333984375 0.04537037109375 0.726041666015625 0.0481481484375 0.724479166015625 0.05 0.724479166015625 0.053703703125
0 0.641666666015625 0.07407407421875 0.642708333984375 0.075 0.65 0.07777777734375 0.661458333984375 0.078703703125 0.663541666015625 0.075 0.663541666015625 0.060185185546875 0.646875 0.060185185546875 0.644270833984375 0.062962962890625 0.641666666015625 0.0694444453125 0.641145833984375 0.071296296875 0.641666666015625 0.07407407421875
0 0.608333333984375 0.0768518515625 0.608854166015625 0.07962962890625 0.610416666015625 0.081481482421875 0.6203125 0.081481482421875 0.624479166015625 0.0805555546875 0.626041666015625 0.07962962890625 0.627083333984375 0.07777777734375 0.628645833984375 0.071296296875 0.627083333984375 0.067592591796875 0.620833333984375 0.062962962890625 0.613020833984375 0.062962962890625 0.610416666015625 0.065740740234375 0.608333333984375 0.0694444453125 0.608333333984375 0.0768518515625
0 0.622395833984375 0.0944444453125 0.6234375 0.096296296875 0.630208333984375 0.09907407421875 0.64375 0.1 0.646354166015625 0.096296296875 0.647916666015625 0.085185185546875 0.647916666015625 0.0805555546875 0.646354166015625 0.07777777734375 0.639583333984375 0.07407407421875 0.630208333984375 0.07407407421875 0.628125 0.07777777734375 0.622395833984375 0.090740740234375 0.622395833984375 0.0944444453125
1 0.747916666015625 0.056481482421875 0.7484375 0.057407408203125 0.7515625 0.059259259765625 0.7546875 0.060185185546875 0.755729166015625 0.060185185546875 0.758333333984375 0.058333333984375 0.759375 0.05462962890625 0.759895833984375 0.04722222265625 0.758854166015625 0.04537037109375 0.756770833984375 0.04537037109375 0.755208333984375 0.046296296875 0.747916666015625 0.053703703125 0.747916666015625 0.056481482421875
2 0.771875 0.053703703125 0.7734375 0.0555555546875 0.777604166015625 0.0555555546875 0.780208333984375 0.0518518515625 0.780208333984375 0.0481481484375 0.7796875 0.046296296875 0.777604166015625 0.0444444453125 0.775520833984375 0.043518517578125 0.773958333984375 0.0444444453125 0.772395833984375 0.04722222265625 0.771875 0.05 0.771875 0.053703703125
0 0.785416666015625 0.05 0.7890625 0.0518518515625 0.790625 0.0518518515625 0.793229166015625 0.05 0.793229166015625 0.046296296875 0.791666666015625 0.043518517578125 0.788541666015625 0.042592591796875 0.7859375 0.0444444453125 0.784895833984375 0.046296296875 0.785416666015625 0.05