4 0.0640625 0.261111111328125 0.070833333984375 0.264814814453125 0.081770833984375 0.258333333984375 0.083854166015625 0.2444444453125 0.078125 0.232407408203125 0.064583333984375 0.2268518515625 0.061458333984375 0.232407408203125 0.061458333984375 0.253703703125 0.0640625 0.261111111328125
2 0.088020833984375 0.285185185546875 0.097395833984375 0.282407408203125 0.1046875 0.267592591796875 0.101041666015625 0.25277777734375 0.095833333984375 0.24537037109375 0.088020833984375 0.24537037109375 0.083854166015625 0.2518518515625 0.083854166015625 0.27222222265625 0.088020833984375 0.285185185546875
1 0.10625 0.306481482421875 0.1125 0.306481482421875 0.123958333984375 0.296296296875 0.1234375 0.286111111328125 0.1140625 0.268518517578125 0.105729166015625 0.268518517578125 0.1 0.27962962890625 0.098958333984375 0.292592591796875 0.10625 0.306481482421875
1 0.199479166015625 0.266666666015625 0.2140625 0.262037037109375 0.221875 0.2518518515625 0.218229166015625 0.238888888671875 0.208333333984375 0.22962962890625 0.1984375 0.22962962890625 0.186458333984375 0.238888888671875 0.186979166015625 0.2555555546875 0.199479166015625 0.266666666015625
2 0.469270833984375 0.411111111328125 0.5015625 0.42037037109375 0.540625 0.3805555546875 0.544791666015625 0.368518517578125 0.544791666015625 0.3518518515625 0.5390625 0.337037037109375 0.526041666015625 0.3305555546875 0.497395833984375 0.32777777734375 0.482291666015625 0.339814814453125 0.4703125 0.3555555546875 0.4625 0.375 0.463020833984375 0.3944444453125 0.469270833984375 0.411111111328125
2 0.6703125 0.6194444453125 0.750520833984375 0.70092592578125 0.785416666015625 0.703703703125 0.798958333984375 0.67777777734375 0.8015625 0.664814814453125 0.801041666015625 0.62962962890625 0.765104166015625 0.582407408203125 0.740625 0.562962962890625 0.6890625 0.54537037109375 0.677083333984375 0.5518518515625 0.659895833984375 0.57037037109375 0.660416666015625 0.585185185546875 0.6703125 0.6194444453125
2 0.859895833984375 0.561111111328125 0.883333333984375 0.560185185546875 0.891145833984375 0.5481481484375 0.896354166015625 0.516666666015625 0.894270833984375 0.49907407421875 0.890625 0.492592591796875 0.869270833984375 0.471296296875 0.852083333984375 0.460185185546875 0.849479166015625 0.464814814453125 0.846875 0.488888888671875 0.844791666015625 0.532407408203125 0.859895833984375 0.561111111328125
2 0.8015625 0.4981481484375 0.831770833984375 0.518518517578125 0.838020833984375 0.496296296875 0.8390625 0.462962962890625 0.822395833984375 0.4518518515625 0.810416666015625 0.45 0.803645833984375 0.453703703125 0.798958333984375 0.466666666015625 0.797916666015625 0.488888888671875 0.8015625 0.4981481484375
0 0.6625 0.216666666015625 0.689583333984375 0.2268518515625 0.7015625 0.210185185546875 0.703645833984375 0.190740740234375 0.696354166015625 0.17592592578125 0.681770833984375 0.1731481484375 0.6734375 0.1768518515625 0.6609375 0.19907407421875 0.660416666015625 0.212962962890625 0.6625 0.216666666015625
2 0.644270833984375 0.187962962890625 0.659375 0.189814814453125 0.670833333984375 0.17592592578125 0.668229166015625 0.164814814453125 0.659895833984375 0.153703703125 0.64375 0.156481482421875 0.638541666015625 0.164814814453125 0.636979166015625 0.178703703125 0.644270833984375 0.187962962890625
3 0.783333333984375 0.12407407421875 0.796875 0.109259259765625 0.798958333984375 0.07407407421875 0.794791666015625 0.07037037109375 0.771875 0.07592592578125 0.7671875 0.088888888671875 0.769270833984375 0.114814814453125 0.783333333984375 0.12407407421875
2 0.577604166015625 0.133333333984375 0.593229166015625 0.136111111328125 0.6046875 0.131481482421875 0.605729166015625 0.1194444453125 0.6015625 0.107407408203125 0.590104166015625 0.10462962890625 0.5765625 0.12222222265625 0.575520833984375 0.12962962890625 0.577604166015625 0.133333333984375
2 0.551041666015625 0.156481482421875 0.5671875 0.1481481484375 0.569791666015625 0.139814814453125 0.568229166015625 0.1231481484375 0.561458333984375 0.118518517578125 0.547395833984375 0.1194444453125 0.541666666015625 0.131481482421875 0.542708333984375 0.156481482421875 0.551041666015625 0.156481482421875
2 0.484375 0.178703703125 0.507291666015625 0.185185185546875 0.528645833984375 0.1731481484375 0.53125 0.14722222265625 0.525 0.141666666015625 0.505208333984375 0.140740740234375 0.482291666015625 0.166666666015625 0.48125 0.175 0.484375 0.178703703125
1 0.616145833984375 0.0805555546875 0.6296875 0.07962962890625 0.63125 0.07407407421875 0.630729166015625 0.066666666015625 0.627604166015625 0.062962962890625 0.61875 0.063888888671875 0.6109375 0.071296296875 0.6109375 0.0768518515625 0.616145833984375 0.0805555546875
2 0.668229166015625 0.081481482421875 0.683333333984375 0.0805555546875 0.6859375 0.07777777734375 0.6859375 0.0694444453125 0.682291666015625 0.063888888671875 0.673958333984375 0.063888888671875 0.666145833984375 0.07407407421875 0.665104166015625 0.07777777734375 0.668229166015625 0.081481482421875
2 0 0.712037037109375 0.016666666015625 0.710185185546875 0.027604166015625 0.6768518515625 0.0265625 0.665740740234375 0.016666666015625 0.641666666015625 0.0078125 0.637037037109375 0 0.640740740234375 0 0.712037037109375
1 0.056770833984375 0.37777777734375 0.070833333984375 0.37037037109375 0.078645833984375 0.358333333984375 0.079166666015625 0.332407408203125 0.074479166015625 0.321296296875 0.061458333984375 0.3268518515625 0.0546875 0.340740740234375 0.054166666015625 0.362962962890625 0.056770833984375 0.37777777734375
0 0.7421875 0.14907407421875 0.758333333984375 0.153703703125 0.763020833984375 0.14537037109375 0.763020833984375 0.12407407421875 0.758854166015625 0.117592591796875 0.743229166015625 0.117592591796875 0.740104166015625 0.133333333984375 0.739583333984375 0.143518517578125 0.7421875 0.14907407421875
0 0.763020833984375 0.103703703125 0.765625 0.093518517578125 0.765104166015625 0.081481482421875 0.758333333984375 0.081481482421875 0.754166666015625 0.092592591796875 0.753645833984375 0.10092592578125 0.763020833984375 0.103703703125
2 0.809375 0.07222222265625 0.809375 0.067592591796875 0.805729166015625 0.063888888671875 0.798958333984375 0.067592591796875 0.802604166015625 0.075 0.809375 0.07222222265625
2 0.815625 0.0694444453125 0.820833333984375 0.068518517578125 0.822395833984375 0.063888888671875 0.820833333984375 0.060185185546875 0.813020833984375 0.062962962890625 0.8125 0.067592591796875 0.815625 0.0694444453125
2 0.052604166015625 0.20092592578125 0.063020833984375 0.2 0.069791666015625 0.1944444453125 0.070833333984375 0.185185185546875 0.0671875 0.1805555546875 0.060416666015625 0.181481482421875 0.0515625 0.19537037109375 0.050520833984375 0.19907407421875 0.052604166015625 0.20092592578125