3 0.286458333984375 0.553703703125 0.2921875 0.567592591796875 0.305729166015625 0.583333333984375 0.325 0.60277777734375 0.33125 0.60462962890625 0.40625 0.543518517578125 0.6203125 0.296296296875 0.627083333984375 0.282407408203125 0.628645833984375 0.271296296875 0.6203125 0.2268518515625 0.607291666015625 0.20277777734375 0.5765625 0.192592591796875 0.558854166015625 0.191666666015625 0.523958333984375 0.2055555546875 0.443229166015625 0.258333333984375 0.382291666015625 0.3018518515625 0.2703125 0.392592591796875 0.272395833984375 0.441666666015625 0.286458333984375 0.553703703125
2 0.217708333984375 0.52407407421875 0.222395833984375 0.534259259765625 0.234375 0.542592591796875 0.2625 0.543518517578125 0.280729166015625 0.510185185546875 0.2734375 0.435185185546875 0.269270833984375 0.425 0.2625 0.4268518515625 0.240625 0.44722222265625 0.217708333984375 0.47592592578125 0.215625 0.493518517578125 0.217708333984375 0.52407407421875
2 0 0.725 0.029166666015625 0.711111111328125 0.040104166015625 0.681481482421875 0.039583333984375 0.661111111328125 0.033854166015625 0.642592591796875 0.025 0.634259259765625 0.013020833984375 0.635185185546875 0 0.642592591796875 0 0.725
2 0.708333333984375 0.54722222265625 0.7765625 0.6055555546875 0.8 0.60277777734375 0.8078125 0.59537037109375 0.815104166015625 0.57962962890625 0.816145833984375 0.562962962890625 0.811458333984375 0.512037037109375 0.777604166015625 0.486111111328125 0.720833333984375 0.471296296875 0.705729166015625 0.4805555546875 0.697916666015625 0.49907407421875 0.697395833984375 0.5231481484375 0.708333333984375 0.54722222265625
2 0.744270833984375 0.4805555546875 0.8 0.503703703125 0.815625 0.5055555546875 0.830729166015625 0.4981481484375 0.8359375 0.490740740234375 0.828125 0.462962962890625 0.81875 0.45092592578125 0.790625 0.42962962890625 0.745833333984375 0.42407407421875 0.738020833984375 0.4305555546875 0.729166666015625 0.4481481484375 0.731770833984375 0.468518517578125 0.744270833984375 0.4805555546875
2 0.699479166015625 0.160185185546875 0.7109375 0.1518518515625 0.7109375 0.139814814453125 0.703645833984375 0.132407408203125 0.690104166015625 0.132407408203125 0.686458333984375 0.138888888671875 0.6875 0.153703703125 0.699479166015625 0.160185185546875
1 0.778645833984375 0.109259259765625 0.789583333984375 0.113888888671875 0.794791666015625 0.109259259765625 0.7859375 0.09537037109375 0.7828125 0.09722222265625 0.7765625 0.1055555546875 0.778645833984375 0.109259259765625
1 0.686979166015625 0.153703703125 0.699479166015625 0.160185185546875 0.711458333984375 0.1481481484375 0.710416666015625 0.137037037109375 0.704166666015625 0.132407408203125 0.690104166015625 0.132407408203125 0.6859375 0.139814814453125 0.684895833984375 0.14722222265625 0.686979166015625 0.153703703125
1 0.773958333984375 0.093518517578125 0.783854166015625 0.09537037109375 0.785416666015625 0.091666666015625 0.7828125 0.0805555546875 0.772395833984375 0.082407408203125 0.771354166015625 0.087962962890625 0.773958333984375 0.093518517578125
2 0.810416666015625 0.092592591796875 0.809895833984375 0.081481482421875 0.803125 0.084259259765625 0.803645833984375 0.092592591796875 0.810416666015625 0.092592591796875
2 0.8078125 0.07592592578125 0.804166666015625 0.066666666015625 0.794791666015625 0.071296296875 0.793229166015625 0.078703703125 0.8078125 0.07592592578125
2 0.8171875 0.091666666015625 0.822395833984375 0.084259259765625 0.819270833984375 0.07592592578125 0.8125 0.07962962890625 0.809895833984375 0.085185185546875 0.8171875 0.091666666015625
2 0.83125 0.0768518515625 0.834375 0.067592591796875 0.830729166015625 0.062962962890625 0.828125 0.067592591796875 0.83125 0.0768518515625
2 0.825520833984375 0.07037037109375 0.826041666015625 0.060185185546875 0.821875 0.061111111328125 0.821875 0.07037037109375 0.825520833984375 0.07037037109375
1 0.954166666015625 0.99907407421875 0.949479166015625 0.9805555546875 0.9421875 0.966666666015625 0.920833333984375 0.95462962890625 0.869791666015625 0.9518518515625 0.860416666015625 0.966666666015625 0.852604166015625 0.99907407421875 0.954166666015625 0.99907407421875
0 0.139583333984375 0.285185185546875 0.154166666015625 0.29722222265625 0.175 0.278703703125 0.175520833984375 0.27592592578125 0.172395833984375 0.262037037109375 0.167708333984375 0.25277777734375 0.155729166015625 0.243518517578125 0.146354166015625 0.243518517578125 0.138541666015625 0.256481482421875 0.1375 0.261111111328125 0.136458333984375 0.27222222265625 0.139583333984375 0.285185185546875
0 0.178125 0.257407408203125 0.1921875 0.265740740234375 0.195833333984375 0.264814814453125 0.208333333984375 0.2555555546875 0.213541666015625 0.25 0.214583333984375 0.246296296875 0.213020833984375 0.237037037109375 0.207291666015625 0.2268518515625 0.195833333984375 0.216666666015625 0.181770833984375 0.2231481484375 0.177604166015625 0.236111111328125 0.176041666015625 0.2481481484375 0.178125 0.257407408203125
0 0.11875 0.262962962890625 0.129166666015625 0.27592592578125 0.133854166015625 0.275 0.145833333984375 0.246296296875 0.1453125 0.240740740234375 0.1421875 0.235185185546875 0.139583333984375 0.231481482421875 0.133333333984375 0.2268518515625 0.1265625 0.228703703125 0.1203125 0.235185185546875 0.1171875 0.2444444453125 0.11875 0.262962962890625
0 0.127083333984375 0.2231481484375 0.140625 0.234259259765625 0.150520833984375 0.225 0.152604166015625 0.2194444453125 0.152604166015625 0.209259259765625 0.147395833984375 0.2 0.1421875 0.19537037109375 0.1375 0.192592591796875 0.133854166015625 0.192592591796875 0.125520833984375 0.19907407421875 0.125 0.216666666015625 0.127083333984375 0.2231481484375
0 0.1 0.2055555546875 0.1125 0.22037037109375 0.11875 0.218518517578125 0.1234375 0.213888888671875 0.123958333984375 0.209259259765625 0.122916666015625 0.20277777734375 0.116145833984375 0.19537037109375 0.1109375 0.1944444453125 0.1078125 0.19537037109375 0.102604166015625 0.19907407421875 0.099479166015625 0.20277777734375 0.1 0.2055555546875
2 0.1078125 0.312962962890625 0.116145833984375 0.32592592578125 0.133333333984375 0.313888888671875 0.1359375 0.310185185546875 0.1375 0.30092592578125 0.1265625 0.281481482421875 0.121354166015625 0.278703703125 0.113020833984375 0.281481482421875 0.108854166015625 0.287962962890625 0.1078125 0.293518517578125 0.106770833984375 0.30277777734375 0.1078125 0.312962962890625
2 0.098958333984375 0.237962962890625 0.102083333984375 0.25092592578125 0.103125 0.25277777734375 0.105729166015625 0.253703703125 0.115104166015625 0.25 0.11875 0.237037037109375 0.118229166015625 0.2305555546875 0.115104166015625 0.2231481484375 0.113020833984375 0.221296296875 0.107291666015625 0.22037037109375 0.1015625 0.22222222265625 0.098958333984375 0.2268518515625 0.0984375 0.22962962890625 0.098958333984375 0.237962962890625
2 0.082291666015625 0.2305555546875 0.084895833984375 0.241666666015625 0.093229166015625 0.241666666015625 0.097395833984375 0.234259259765625 0.0984375 0.22037037109375 0.0953125 0.211111111328125 0.093229166015625 0.210185185546875 0.088541666015625 0.211111111328125 0.084895833984375 0.214814814453125 0.0828125 0.218518517578125 0.082291666015625 0.22037037109375 0.082291666015625 0.2305555546875
2 0.059375 0.231481482421875 0.060416666015625 0.235185185546875 0.071875 0.234259259765625 0.078645833984375 0.2305555546875 0.08125 0.225 0.08125 0.22222222265625 0.079166666015625 0.216666666015625 0.075 0.210185185546875 0.069791666015625 0.210185185546875 0.063541666015625 0.212962962890625 0.060416666015625 0.215740740234375 0.059375 0.2194444453125 0.059375 0.231481482421875
1 0.094791666015625 0.287962962890625 0.1015625 0.30092592578125 0.104166666015625 0.30092592578125 0.115625 0.278703703125 0.115625 0.27592592578125 0.111979166015625 0.268518517578125 0.105729166015625 0.263888888671875 0.102604166015625 0.263888888671875 0.098958333984375 0.268518517578125 0.09375 0.27777777734375 0.093229166015625 0.282407408203125 0.094791666015625 0.287962962890625
1 0.088541666015625 0.186111111328125 0.092708333984375 0.187037037109375 0.107291666015625 0.182407408203125 0.1109375 0.178703703125 0.111458333984375 0.17222222265625 0.110416666015625 0.17037037109375 0.107291666015625 0.168518517578125 0.099479166015625 0.1694444453125 0.096354166015625 0.171296296875 0.088541666015625 0.183333333984375 0.088020833984375 0.185185185546875 0.088541666015625 0.186111111328125
2 0.153125 0.240740740234375 0.166666666015625 0.25 0.16875 0.25 0.173958333984375 0.24537037109375 0.176041666015625 0.241666666015625 0.180208333984375 0.22592592578125 0.1796875 0.221296296875 0.175 0.212962962890625 0.16875 0.207407408203125 0.163020833984375 0.207407408203125 0.157291666015625 0.210185185546875 0.154166666015625 0.213888888671875 0.152083333984375 0.22222222265625 0.1515625 0.234259259765625 0.153125 0.240740740234375