2 0.195833333984375 0.266666666015625 0.209895833984375 0.260185185546875 0.216145833984375 0.25 0.211979166015625 0.235185185546875 0.198958333984375 0.22222222265625 0.184375 0.2268518515625 0.180729166015625 0.238888888671875 0.182291666015625 0.2555555546875 0.195833333984375 0.266666666015625
2 0.1421875 0.287962962890625 0.147916666015625 0.288888888671875 0.164583333984375 0.27592592578125 0.1625 0.262037037109375 0.1484375 0.243518517578125 0.140104166015625 0.246296296875 0.134895833984375 0.256481482421875 0.135416666015625 0.2731481484375 0.1421875 0.287962962890625
2 0.105729166015625 0.2518518515625 0.1125 0.25277777734375 0.119791666015625 0.2268518515625 0.116145833984375 0.218518517578125 0.108854166015625 0.215740740234375 0.1046875 0.2194444453125 0.1015625 0.24537037109375 0.105729166015625 0.2518518515625
2 0.088020833984375 0.241666666015625 0.0984375 0.246296296875 0.101041666015625 0.243518517578125 0.1046875 0.22037037109375 0.103125 0.215740740234375 0.09375 0.212037037109375 0.086458333984375 0.2194444453125 0.0859375 0.235185185546875 0.088020833984375 0.241666666015625
0 0.154166666015625 0.24907407421875 0.175 0.2555555546875 0.19375 0.216666666015625 0.190625 0.212962962890625 0.1640625 0.208333333984375 0.1546875 0.215740740234375 0.15 0.22962962890625 0.1484375 0.237962962890625 0.154166666015625 0.24907407421875
0 0.1265625 0.27037037109375 0.1328125 0.266666666015625 0.141666666015625 0.2444444453125 0.136979166015625 0.2305555546875 0.130208333984375 0.2231481484375 0.121354166015625 0.22962962890625 0.117708333984375 0.237962962890625 0.116145833984375 0.253703703125 0.1265625 0.27037037109375
2 0.141145833984375 0.236111111328125 0.147395833984375 0.235185185546875 0.153645833984375 0.217592591796875 0.144270833984375 0.20092592578125 0.1375 0.20277777734375 0.131770833984375 0.210185185546875 0.13125 0.22037037109375 0.141145833984375 0.236111111328125
1 0.115625 0.317592591796875 0.1296875 0.306481482421875 0.1328125 0.29907407421875 0.127604166015625 0.2805555546875 0.119270833984375 0.271296296875 0.111458333984375 0.2731481484375 0.105208333984375 0.285185185546875 0.105208333984375 0.2981481484375 0.115625 0.317592591796875
2 0.203125 0.19907407421875 0.223958333984375 0.188888888671875 0.2265625 0.184259259765625 0.225520833984375 0.17592592578125 0.219791666015625 0.17037037109375 0.203645833984375 0.17037037109375 0.198958333984375 0.17592592578125 0.1953125 0.188888888671875 0.203125 0.19907407421875
2 0.296875 0.27962962890625 0.301041666015625 0.263888888671875 0.300520833984375 0.240740740234375 0.294270833984375 0.238888888671875 0.2796875 0.246296296875 0.275 0.265740740234375 0.275520833984375 0.286111111328125 0.296875 0.27962962890625
2 0.455208333984375 0.1731481484375 0.475 0.1731481484375 0.497916666015625 0.15 0.499479166015625 0.142592591796875 0.4953125 0.134259259765625 0.477083333984375 0.133333333984375 0.465104166015625 0.141666666015625 0.455729166015625 0.153703703125 0.452604166015625 0.162962962890625 0.452604166015625 0.171296296875 0.455208333984375 0.1731481484375
2 0.6953125 0.659259259765625 0.702083333984375 0.668518517578125 0.782291666015625 0.737037037109375 0.803645833984375 0.72777777734375 0.806770833984375 0.72222222265625 0.816666666015625 0.671296296875 0.820833333984375 0.62777777734375 0.820833333984375 0.618518517578125 0.8109375 0.607407408203125 0.769791666015625 0.57777777734375 0.725 0.566666666015625 0.70625 0.57222222265625 0.692708333984375 0.590740740234375 0.6875 0.6055555546875 0.686458333984375 0.633333333984375 0.6953125 0.659259259765625
2 0.620833333984375 0.22037037109375 0.625520833984375 0.22037037109375 0.643229166015625 0.203703703125 0.641666666015625 0.183333333984375 0.630208333984375 0.1768518515625 0.605208333984375 0.17777777734375 0.599479166015625 0.185185185546875 0.595833333984375 0.19907407421875 0.597916666015625 0.211111111328125 0.620833333984375 0.22037037109375
2 0.536458333984375 0.157407408203125 0.551041666015625 0.157407408203125 0.566145833984375 0.14907407421875 0.570833333984375 0.131481482421875 0.564583333984375 0.1194444453125 0.543229166015625 0.115740740234375 0.527083333984375 0.142592591796875 0.527604166015625 0.15092592578125 0.536458333984375 0.157407408203125
2 0.428645833984375 0.167592591796875 0.453645833984375 0.164814814453125 0.460416666015625 0.137037037109375 0.453125 0.12962962890625 0.4375 0.134259259765625 0.422916666015625 0.15462962890625 0.421354166015625 0.161111111328125 0.428645833984375 0.167592591796875
1 0.5015625 0.1844194453125 0.5265625 0.171456482421875 0.524479166015625 0.152937962890625 0.513541666015625 0.146456482421875 0.499479166015625 0.148308333984375 0.481770833984375 0.168678703125 0.483333333984375 0.178863888671875 0.5015625 0.1844194453125
1 0.068229166015625 0.212037037109375 0.077083333984375 0.206481482421875 0.078645833984375 0.1981481484375 0.074479166015625 0.191666666015625 0.069270833984375 0.191666666015625 0.0578125 0.20277777734375 0.059375 0.212037037109375 0.068229166015625 0.212037037109375
1 0.0828125 0.19722222265625 0.093229166015625 0.188888888671875 0.094791666015625 0.183333333984375 0.084895833984375 0.178703703125 0.077604166015625 0.185185185546875 0.0765625 0.192592591796875 0.0828125 0.19722222265625
1 0.697916666015625 0.525 0.758854166015625 0.5731481484375 0.790625 0.586111111328125 0.796875 0.581481482421875 0.803125 0.566666666015625 0.799479166015625 0.52037037109375 0.7890625 0.50277777734375 0.769270833984375 0.482407408203125 0.716666666015625 0.4694444453125 0.705208333984375 0.475 0.694270833984375 0.490740740234375 0.691666666015625 0.5055555546875 0.697916666015625 0.525
1 0.665625 0.2481481484375 0.670833333984375 0.24722222265625 0.683333333984375 0.231481482421875 0.683333333984375 0.2194444453125 0.677083333984375 0.207407408203125 0.665104166015625 0.20277777734375 0.648958333984375 0.208333333984375 0.641666666015625 0.225 0.643229166015625 0.238888888671875 0.665625 0.2481481484375