2 0.116145833984375 0.321296296875 0.119791666015625 0.321296296875 0.1390625 0.3018518515625 0.13125 0.281481482421875 0.1234375 0.271296296875 0.1125 0.27037037109375 0.105208333984375 0.281481482421875 0.105729166015625 0.310185185546875 0.116145833984375 0.321296296875
2 0.716666666015625 0.166666666015625 0.720833333984375 0.1555555546875 0.721354166015625 0.142592591796875 0.7171875 0.135185185546875 0.703125 0.133333333984375 0.696875 0.15092592578125 0.696354166015625 0.161111111328125 0.716666666015625 0.166666666015625
2 0.780208333984375 0.109259259765625 0.781770833984375 0.111111111328125 0.784895833984375 0.112962962890625 0.790104166015625 0.112962962890625 0.791145833984375 0.111111111328125 0.791666666015625 0.109259259765625 0.791666666015625 0.10462962890625 0.791145833984375 0.1018518515625 0.790625 0.1 0.7875 0.09537037109375 0.785416666015625 0.0944444453125 0.783333333984375 0.096296296875 0.78125 0.1 0.7796875 0.1055555546875 0.780208333984375 0.109259259765625
2 0.723958333984375 0.0555555546875 0.725520833984375 0.057407408203125 0.731770833984375 0.057407408203125 0.7328125 0.056481482421875 0.7328125 0.05 0.732291666015625 0.0481481484375 0.73125 0.04722222265625 0.726041666015625 0.04722222265625 0.723958333984375 0.05 0.7234375 0.053703703125 0.723958333984375 0.0555555546875
2 0.102083333984375 0.24907407421875 0.108333333984375 0.24722222265625 0.1171875 0.2268518515625 0.114010416015625 0.221164814453125 0.10625 0.212037037109375 0.097395833984375 0.218518517578125 0.096875 0.237037037109375 0.102083333984375 0.24907407421875
2 0.11875 0.264814814453125 0.1296875 0.262037037109375 0.133333333984375 0.25462962890625 0.133854166015625 0.240740740234375 0.124479166015625 0.228703703125 0.117708333984375 0.22962962890625 0.1125 0.237962962890625 0.1125 0.25 0.11875 0.264814814453125
2 0.122395833984375 0.216666666015625 0.127604166015625 0.22407407421875 0.136458333984375 0.22777777734375 0.1421875 0.225 0.146903125 0.217011111328125 0.1476796875 0.21034907421875 0.1420828125 0.20339907421875 0.139755208984375 0.198459259765625 0.133333333984375 0.19537037109375 0.124876041015625 0.20295277734375 0.123094271484375 0.207635185546875 0.122395833984375 0.216666666015625
2 0.108854166015625 0.212962962890625 0.116825521484375 0.21915092578125 0.119791666015625 0.216666666015625 0.121533853515625 0.2152305546875 0.125 0.1981481484375 0.1195203125 0.194193517578125 0.1140625 0.193518517578125 0.107291666015625 0.19907407421875 0.105945833984375 0.208462962890625 0.108854166015625 0.212962962890625
2 0.1765625 0.162962962890625 0.1953125 0.1518518515625 0.200247916015625 0.1487805546875 0.196765103515625 0.141639814453125 0.188020833984375 0.140740740234375 0.177083333984375 0.143518517578125 0.166666666015625 0.15277777734375 0.168229166015625 0.161111111328125 0.1765625 0.162962962890625
0 0.4921875 0.17222222265625 0.516145833984375 0.17962962890625 0.534895833984375 0.163888888671875 0.534895833984375 0.142592591796875 0.530729166015625 0.135185185546875 0.507291666015625 0.136111111328125 0.498958333984375 0.1444444453125 0.491145833984375 0.159259259765625 0.490104166015625 0.1694444453125 0.4921875 0.17222222265625
0 0.758333333984375 0.490740740234375 0.828125 0.52962962890625 0.835416666015625 0.50092592578125 0.839583333984375 0.44907407421875 0.816666666015625 0.433333333984375 0.768229166015625 0.4305555546875 0.7609375 0.438888888671875 0.755208333984375 0.460185185546875 0.754166666015625 0.466666666015625 0.758333333984375 0.490740740234375
0 0.841145833984375 0.562962962890625 0.846875 0.566666666015625 0.872395833984375 0.559259259765625 0.8796875 0.542592591796875 0.883333333984375 0.503703703125 0.852604166015625 0.478703703125 0.849479166015625 0.4805555546875 0.847916666015625 0.487962962890625 0.840104166015625 0.546296296875 0.841145833984375 0.562962962890625
0 0.134375 0.2731481484375 0.140625 0.287962962890625 0.155208333984375 0.286111111328125 0.169791666015625 0.27222222265625 0.1671875 0.257407408203125 0.1578125 0.243518517578125 0.147395833984375 0.238888888671875 0.1375 0.24722222265625 0.133854166015625 0.260185185546875 0.134375 0.2731481484375
0 0.0296875 0.665740740234375 0.0328125 0.67037037109375 0.057291666015625 0.664814814453125 0.0935375 0.610817591796875 0.128125 0.587962962890625 0.1375 0.560185185546875 0.135416666015625 0.532407408203125 0.127083333984375 0.512962962890625 0.1203125 0.507407408203125 0.1109375 0.508333333984375 0.0734375 0.5268518515625 0.052604166015625 0.54907407421875 0.020833333984375 0.603703703125 0.0203125 0.613888888671875 0.0296875 0.665740740234375
3 0.832291666015625 0.071296296875 0.8328125 0.059259259765625 0.830208333984375 0.0518518515625 0.819270833984375 0.05277777734375 0.820833333984375 0.071296296875 0.832291666015625 0.071296296875
2 0.8015625 0.1 0.802083333984375 0.089814814453125 0.796354166015625 0.087962962890625 0.7953125 0.0981481484375 0.8015625 0.1
2 0.809375 0.088888888671875 0.808854166015625 0.0805555546875 0.802604166015625 0.07962962890625 0.803645833984375 0.090740740234375 0.809375 0.088888888671875
2 0.81875 0.081481482421875 0.8203125 0.075 0.817978125 0.069658333984375 0.814916666015625 0.070688888671875 0.813020833984375 0.078703703125 0.81875 0.081481482421875
1 0.7953125 0.07777777734375 0.8015625 0.07592592578125 0.8 0.067592591796875 0.79375 0.07037037109375 0.792708333984375 0.07407407421875 0.7953125 0.07777777734375
1 0.736979166015625 0.559259259765625 0.8 0.613888888671875 0.820833333984375 0.613888888671875 0.826041666015625 0.60277777734375 0.830729166015625 0.559259259765625 0.8265625 0.533333333984375 0.797916666015625 0.507407408203125 0.7859375 0.49907407421875 0.745833333984375 0.489814814453125 0.73125 0.4981481484375 0.723958333984375 0.517592591796875 0.7234375 0.532407408203125 0.736979166015625 0.559259259765625
1 0.167708333984375 0.243518517578125 0.169270833984375 0.25092592578125 0.178645833984375 0.258333333984375 0.1828125 0.258333333984375 0.194791666015625 0.2518518515625 0.199479166015625 0.2444444453125 0.2 0.237037037109375 0.197916666015625 0.233333333984375 0.186458333984375 0.2231481484375 0.18125 0.22222222265625 0.174479166015625 0.22407407421875 0.16875 0.22962962890625 0.167708333984375 0.233333333984375 0.167708333984375 0.243518517578125
1 0.145833333984375 0.237037037109375 0.147916666015625 0.238888888671875 0.161841666015625 0.242134259765625 0.164303646484375 0.23947407421875 0.1667734375 0.2372805546875 0.167708333984375 0.231481482421875 0.167708333984375 0.225 0.166666666015625 0.22037037109375 0.163020833984375 0.214814814453125 0.158854166015625 0.212037037109375 0.152604166015625 0.212037037109375 0.146875 0.215740740234375 0.144270833984375 0.221296296875 0.14375 0.2305555546875 0.145833333984375 0.237037037109375
0 0.089583333984375 0.235185185546875 0.09375 0.2305555546875 0.096354166015625 0.22037037109375 0.095833333984375 0.212962962890625 0.088541666015625 0.2055555546875 0.073958333984375 0.214814814453125 0.074479166015625 0.234259259765625 0.089583333984375 0.235185185546875