0 0.1921875 0.3194444453125 0.2171875 0.325 0.234375 0.310185185546875 0.2359375 0.303703703125 0.235416666015625 0.287037037109375 0.219270833984375 0.2694444453125 0.2015625 0.271296296875 0.181770833984375 0.289814814453125 0.182291666015625 0.3018518515625 0.1921875 0.3194444453125
2 0.115104166015625 0.264814814453125 0.126041666015625 0.257407408203125 0.13125 0.24907407421875 0.128125 0.235185185546875 0.119791666015625 0.22592592578125 0.1109375 0.225 0.105208333984375 0.236111111328125 0.106770833984375 0.25462962890625 0.115104166015625 0.264814814453125
2 0.334895833984375 0.337962962890625 0.3875 0.332407408203125 0.4015625 0.32222222265625 0.40625 0.312037037109375 0.4078125 0.3 0.400520833984375 0.27962962890625 0.377604166015625 0.268518517578125 0.341145833984375 0.27222222265625 0.327083333984375 0.2805555546875 0.321354166015625 0.296296296875 0.321354166015625 0.32407407421875 0.334895833984375 0.337962962890625
2 0 0.99907407421875 0.067708333984375 0.933333333984375 0.078125 0.90092592578125 0.080208333984375 0.87962962890625 0.065104166015625 0.82962962890625 0.055208333984375 0.808333333984375 0.043229166015625 0.808333333984375 0 0.82592592578125 0 0.99907407421875
2 0 0.811111111328125 0.003125 0.813888888671875 0.041666666015625 0.787962962890625 0.0515625 0.75277777734375 0.052083333984375 0.740740740234375 0.0484375 0.7268518515625 0.038541666015625 0.708333333984375 0.0328125 0.703703703125 0.022395833984375 0.707407408203125 0 0.717592591796875 0 0.811111111328125
2 0 0.714814814453125 0.014583333984375 0.711111111328125 0.024479166015625 0.683333333984375 0.023958333984375 0.664814814453125 0.01875 0.64722222265625 0.015104166015625 0.638888888671875 0.0078125 0.637037037109375 0 0.639814814453125 0 0.714814814453125
2 0.546354166015625 0.265740740234375 0.5671875 0.2805555546875 0.602604166015625 0.266666666015625 0.60625 0.259259259765625 0.603125 0.237037037109375 0.570833333984375 0.22407407421875 0.549479166015625 0.22962962890625 0.5421875 0.243518517578125 0.541666666015625 0.256481482421875 0.546354166015625 0.265740740234375
2 0.729166666015625 0.17037037109375 0.741666666015625 0.1731481484375 0.747395833984375 0.168518517578125 0.749479166015625 0.160185185546875 0.749479166015625 0.15 0.7375 0.138888888671875 0.730208333984375 0.139814814453125 0.722916666015625 0.1518518515625 0.722916666015625 0.163888888671875 0.729166666015625 0.17037037109375
0 0.795833333984375 0.109259259765625 0.79375 0.092592591796875 0.783854166015625 0.092592591796875 0.783854166015625 0.108333333984375 0.795833333984375 0.109259259765625
2 0.725 0.062037037109375 0.727083333984375 0.064814814453125 0.731770833984375 0.066666666015625 0.735416666015625 0.066666666015625 0.7375 0.064814814453125 0.738020833984375 0.059259259765625 0.7375 0.056481482421875 0.736458333984375 0.0555555546875 0.730208333984375 0.053703703125 0.725520833984375 0.056481482421875 0.725 0.058333333984375 0.725 0.062037037109375
2 0.813541666015625 0.07777777734375 0.816145833984375 0.081481482421875 0.819270833984375 0.081481482421875 0.8203125 0.07777777734375 0.819791666015625 0.07407407421875 0.818229166015625 0.071296296875 0.815625 0.071296296875 0.814583333984375 0.07222222265625 0.813541666015625 0.07407407421875 0.813541666015625 0.07777777734375
2 0.819270833984375 0.067592591796875 0.820833333984375 0.07037037109375 0.824479166015625 0.07037037109375 0.8265625 0.067592591796875 0.826041666015625 0.063888888671875 0.824479166015625 0.061111111328125 0.8203125 0.061111111328125 0.81875 0.063888888671875 0.819270833984375 0.067592591796875
2 0.80625 0.07037037109375 0.808333333984375 0.0731481484375 0.810416666015625 0.07407407421875 0.8125 0.0731481484375 0.815104166015625 0.068518517578125 0.815104166015625 0.066666666015625 0.8140625 0.063888888671875 0.811458333984375 0.060185185546875 0.809895833984375 0.060185185546875 0.8078125 0.062037037109375 0.806770833984375 0.063888888671875 0.805729166015625 0.068518517578125 0.80625 0.07037037109375
2 0.7765625 0.087962962890625 0.778645833984375 0.089814814453125 0.782291666015625 0.091666666015625 0.783854166015625 0.091666666015625 0.786458333984375 0.090740740234375 0.788020833984375 0.088888888671875 0.7875 0.081481482421875 0.785416666015625 0.078703703125 0.7828125 0.07777777734375 0.780729166015625 0.078703703125 0.779166666015625 0.07962962890625 0.777604166015625 0.082407408203125 0.7765625 0.086111111328125 0.7765625 0.087962962890625
1 0.749479166015625 0.0518518515625 0.7546875 0.0518518515625 0.75625 0.0481481484375 0.75625 0.046296296875 0.7546875 0.043518517578125 0.75 0.0444444453125 0.7484375 0.046296296875 0.747916666015625 0.05 0.749479166015625 0.0518518515625
1 0.482291666015625 0.178703703125 0.502083333984375 0.184259259765625 0.522395833984375 0.1731481484375 0.525 0.164814814453125 0.520833333984375 0.15092592578125 0.5015625 0.14722222265625 0.48125 0.167592591796875 0.4796875 0.17407407421875 0.482291666015625 0.178703703125
4 0.5328125 0.162037037109375 0.541666666015625 0.161111111328125 0.560416666015625 0.1518518515625 0.563020833984375 0.136111111328125 0.556770833984375 0.12222222265625 0.544270833984375 0.12037037109375 0.532291666015625 0.128703703125 0.523958333984375 0.14537037109375 0.525520833984375 0.157407408203125 0.5328125 0.162037037109375
2 0.425 0.166666666015625 0.4421875 0.167592591796875 0.452604166015625 0.160185185546875 0.461458333984375 0.140740740234375 0.45625 0.12962962890625 0.441145833984375 0.132407408203125 0.434895833984375 0.137037037109375 0.423958333984375 0.15462962890625 0.422395833984375 0.162962962890625 0.425 0.166666666015625
2 0.454166666015625 0.1731481484375 0.471875 0.175 0.498958333984375 0.146296296875 0.491145833984375 0.133333333984375 0.4734375 0.1305555546875 0.461979166015625 0.143518517578125 0.452604166015625 0.162037037109375 0.4515625 0.168518517578125 0.454166666015625 0.1731481484375
0 0.507291666015625 0.143518517578125 0.521875 0.14722222265625 0.5328125 0.128703703125 0.536458333984375 0.115740740234375 0.53125 0.110185185546875 0.519791666015625 0.110185185546875 0.505208333984375 0.131481482421875 0.504166666015625 0.139814814453125 0.507291666015625 0.143518517578125
2 0.5015625 0.142592591796875 0.504166666015625 0.1231481484375 0.497916666015625 0.112037037109375 0.489583333984375 0.112037037109375 0.479166666015625 0.118518517578125 0.470833333984375 0.1305555546875 0.4703125 0.134259259765625 0.5015625 0.142592591796875
2 0.5671875 0.140740740234375 0.578645833984375 0.141666666015625 0.59375 0.137037037109375 0.596875 0.116666666015625 0.594791666015625 0.111111111328125 0.584895833984375 0.107407408203125 0.573958333984375 0.111111111328125 0.5625 0.12407407421875 0.563541666015625 0.134259259765625 0.5671875 0.140740740234375
2 0.602083333984375 0.1268518515625 0.613541666015625 0.128703703125 0.622916666015625 0.125 0.625520833984375 0.118518517578125 0.625 0.108333333984375 0.619791666015625 0.1 0.608333333984375 0.1 0.599479166015625 0.109259259765625 0.5984375 0.118518517578125 0.602083333984375 0.1268518515625
2 0.635416666015625 0.112962962890625 0.6421875 0.112037037109375 0.6453125 0.10277777734375 0.644791666015625 0.091666666015625 0.642708333984375 0.089814814453125 0.633333333984375 0.089814814453125 0.629211458984375 0.096891666015625 0.627083333984375 0.108333333984375 0.635416666015625 0.112962962890625
2 0.533854166015625 0.110185185546875 0.547411458984375 0.115182408203125 0.546354166015625 0.09907407421875 0.543229166015625 0.09537037109375 0.5265625 0.09907407421875 0.523958333984375 0.107407408203125 0.533854166015625 0.110185185546875
2 0.561979166015625 0.12407407421875 0.586458333984375 0.1055555546875 0.5828125 0.0981481484375 0.5703125 0.0981481484375 0.557973958984375 0.11214537109375 0.557645833984375 0.116691666015625 0.561979166015625 0.12407407421875
2 0.659375 0.081481482421875 0.660416666015625 0.083333333984375 0.6625 0.084259259765625 0.6671875 0.084259259765625 0.675 0.081481482421875 0.675520833984375 0.07777777734375 0.675 0.07222222265625 0.6734375 0.068518517578125 0.6671875 0.066666666015625 0.663541666015625 0.067592591796875 0.6609375 0.071296296875 0.659375 0.0768518515625 0.659375 0.081481482421875