0 0.327604166015625 0.57592592578125 0.340104166015625 0.584259259765625 0.3765625 0.586111111328125 0.456770833984375 0.491666666015625 0.463020833984375 0.456481482421875 0.4625 0.431481482421875 0.456770833984375 0.418518517578125 0.438020833984375 0.407407408203125 0.391666666015625 0.414814814453125 0.361979166015625 0.44722222265625 0.3140625 0.512037037109375 0.3140625 0.54907407421875 0.327604166015625 0.57592592578125
2 0.692708333984375 0.62407407421875 0.694791666015625 0.643518517578125 0.7015625 0.658333333984375 0.7859375 0.741666666015625 0.79375 0.740740740234375 0.800520833984375 0.734259259765625 0.808333333984375 0.711111111328125 0.816666666015625 0.663888888671875 0.821354166015625 0.62777777734375 0.819270833984375 0.616666666015625 0.784895833984375 0.583333333984375 0.771354166015625 0.575 0.730729166015625 0.565740740234375 0.711458333984375 0.568518517578125 0.703645833984375 0.575 0.694791666015625 0.5944444453125 0.691666666015625 0.6055555546875 0.692708333984375 0.62407407421875
4 0.750520833984375 0.57037037109375 0.821875 0.615740740234375 0.829166666015625 0.563888888671875 0.828125 0.490740740234375 0.823958333984375 0.47592592578125 0.755729166015625 0.4981481484375 0.746875 0.508333333984375 0.740104166015625 0.528703703125 0.7390625 0.54537037109375 0.750520833984375 0.57037037109375
4 0.852083333984375 0.632407408203125 0.865625 0.584259259765625 0.866145833984375 0.55 0.8484375 0.528703703125 0.8453125 0.528703703125 0.84375 0.536111111328125 0.838020833984375 0.60092592578125 0.8375 0.62962962890625 0.852083333984375 0.632407408203125
2 0.3734375 0.19722222265625 0.391145833984375 0.1981481484375 0.411979166015625 0.187037037109375 0.414583333984375 0.167592591796875 0.408854166015625 0.156481482421875 0.391666666015625 0.158333333984375 0.382291666015625 0.164814814453125 0.372916666015625 0.1768518515625 0.370833333984375 0.184259259765625 0.3703125 0.191666666015625 0.3734375 0.19722222265625
4 0.058333333984375 0.375 0.076041666015625 0.364814814453125 0.081770833984375 0.341666666015625 0.083854166015625 0.318518517578125 0.0765625 0.311111111328125 0.067708333984375 0.312962962890625 0.059895833984375 0.331481482421875 0.05625 0.3518518515625 0.05625 0.37037037109375 0.058333333984375 0.375
2 0.121354166015625 0.37592592578125 0.1578125 0.3481481484375 0.1671875 0.32407407421875 0.160416666015625 0.30277777734375 0.146875 0.29907407421875 0.128125 0.314814814453125 0.108333333984375 0.346296296875 0.108854166015625 0.366666666015625 0.121354166015625 0.37592592578125
2 0.14375 0.287037037109375 0.163020833984375 0.2694444453125 0.159895833984375 0.257407408203125 0.147395833984375 0.239814814453125 0.135416666015625 0.243518517578125 0.130729166015625 0.2518518515625 0.133333333984375 0.278703703125 0.14375 0.287037037109375
2 0.5734375 0.237962962890625 0.594270833984375 0.24537037109375 0.616666666015625 0.231481482421875 0.618229166015625 0.2268518515625 0.616145833984375 0.209259259765625 0.605729166015625 0.1981481484375 0.596875 0.1944444453125 0.584895833984375 0.196296296875 0.573958333984375 0.207407408203125 0.571354166015625 0.216666666015625 0.569791666015625 0.231481482421875 0.5734375 0.237962962890625
2 0.486458333984375 0.17962962890625 0.508333333984375 0.185185185546875 0.526041666015625 0.175 0.530729166015625 0.14907407421875 0.526041666015625 0.141666666015625 0.515104166015625 0.137037037109375 0.501041666015625 0.143518517578125 0.483333333984375 0.167592591796875 0.4828125 0.1731481484375 0.486458333984375 0.17962962890625
2 0.690104166015625 0.187962962890625 0.70625 0.196296296875 0.718229166015625 0.184259259765625 0.717708333984375 0.1694444453125 0.708333333984375 0.157407408203125 0.697916666015625 0.156481482421875 0.688541666015625 0.17222222265625 0.688020833984375 0.184259259765625 0.690104166015625 0.187962962890625
2 0 0.7055555546875 0.019270833984375 0.70462962890625 0.0265625 0.69537037109375 0.032291666015625 0.661111111328125 0.020833333984375 0.616666666015625 0.011979166015625 0.613888888671875 0.005208333984375 0.617592591796875 0 0.62222222265625 0 0.7055555546875
2 0.6640625 0.0768518515625 0.669791666015625 0.0731481484375 0.668229166015625 0.058333333984375 0.659375 0.058333333984375 0.654166666015625 0.063888888671875 0.6515625 0.07407407421875 0.6640625 0.0768518515625
2 0.786979166015625 0.1055555546875 0.796354166015625 0.106481482421875 0.7984375 0.10092592578125 0.7984375 0.093518517578125 0.792708333984375 0.088888888671875 0.786458333984375 0.087962962890625 0.783854166015625 0.0944444453125 0.783333333984375 0.09907407421875 0.786979166015625 0.1055555546875
2 0.7734375 0.093518517578125 0.783333333984375 0.0944444453125 0.786979166015625 0.088888888671875 0.7796875 0.07777777734375 0.772395833984375 0.07962962890625 0.770833333984375 0.086111111328125 0.7734375 0.093518517578125
1 0.709895833984375 0.062962962890625 0.711979166015625 0.0555555546875 0.7046875 0.05092592578125 0.699479166015625 0.058333333984375 0.703125 0.062962962890625 0.709895833984375 0.062962962890625
1 0.75 0.060185185546875 0.758333333984375 0.060185185546875 0.755729166015625 0.0481481484375 0.747916666015625 0.04907407421875 0.746875 0.05462962890625 0.75 0.060185185546875
1 0.809895833984375 0.092592591796875 0.811979166015625 0.088888888671875 0.811979166015625 0.083333333984375 0.8078125 0.078703703125 0.802083333984375 0.083333333984375 0.803645833984375 0.091666666015625 0.809895833984375 0.092592591796875
2 0.805729166015625 0.0768518515625 0.804166666015625 0.065740740234375 0.7984375 0.066666666015625 0.797395833984375 0.07407407421875 0.805729166015625 0.0768518515625
1 0.911458333984375 0.239814814453125 0.916145833984375 0.238888888671875 0.917708333984375 0.2268518515625 0.911979166015625 0.209259259765625 0.904166666015625 0.207407408203125 0.9015625 0.213888888671875 0.903125 0.231481482421875 0.911458333984375 0.239814814453125