0 0.45625 0.409259259765625 0.469270833984375 0.4194444453125 0.502083333984375 0.4305555546875 0.550520833984375 0.37777777734375 0.55625 0.35092592578125 0.555729166015625 0.335185185546875 0.552604166015625 0.32777777734375 0.535416666015625 0.316666666015625 0.5046875 0.3194444453125 0.4875 0.332407408203125 0.453125 0.37962962890625 0.452604166015625 0.3944444453125 0.45625 0.409259259765625
0 0.013541666015625 0.490740740234375 0.025520833984375 0.50277777734375 0.030208333984375 0.5018518515625 0.0828125 0.45 0.092708333984375 0.4194444453125 0.089583333984375 0.40092592578125 0.084895833984375 0.389814814453125 0.08125 0.388888888671875 0.046875 0.407407408203125 0.032291666015625 0.42222222265625 0.0109375 0.466666666015625 0.013541666015625 0.490740740234375
1 0.150520833984375 0.291666666015625 0.154166666015625 0.292592591796875 0.1703125 0.27962962890625 0.1703125 0.271296296875 0.160416666015625 0.2555555546875 0.1484375 0.257407408203125 0.140625 0.266666666015625 0.1421875 0.285185185546875 0.150520833984375 0.291666666015625
1 0.747395833984375 0.457407408203125 0.803125 0.493518517578125 0.825520833984375 0.47037037109375 0.829166666015625 0.460185185546875 0.828645833984375 0.44907407421875 0.826041666015625 0.4444444453125 0.8046875 0.418518517578125 0.791145833984375 0.410185185546875 0.7484375 0.409259259765625 0.740625 0.417592591796875 0.736458333984375 0.428703703125 0.736458333984375 0.439814814453125 0.747395833984375 0.457407408203125
0 0.067708333984375 0.266666666015625 0.072395833984375 0.264814814453125 0.081770833984375 0.2444444453125 0.070833333984375 0.234259259765625 0.060416666015625 0.240740740234375 0.060416666015625 0.257407408203125 0.067708333984375 0.266666666015625
0 0 0.9768518515625 0.050520833984375 0.94537037109375 0.0546875 0.932407408203125 0.057291666015625 0.908333333984375 0.055729166015625 0.87962962890625 0.045833333984375 0.837962962890625 0.030208333984375 0.809259259765625 0.016666666015625 0.813888888671875 0 0.828703703125 0 0.9768518515625
2 0.201041666015625 0.3 0.216666666015625 0.303703703125 0.2515625 0.27962962890625 0.258333333984375 0.267592591796875 0.258333333984375 0.262037037109375 0.2515625 0.240740740234375 0.240625 0.238888888671875 0.219791666015625 0.253703703125 0.199479166015625 0.282407408203125 0.198958333984375 0.2944444453125 0.201041666015625 0.3
2 0.459895833984375 0.412037037109375 0.473958333984375 0.42222222265625 0.5015625 0.42962962890625 0.550520833984375 0.37777777734375 0.555729166015625 0.3555555546875 0.555208333984375 0.335185185546875 0.529166666015625 0.317592591796875 0.503645833984375 0.3194444453125 0.484375 0.334259259765625 0.4546875 0.383333333984375 0.454166666015625 0.4 0.459895833984375 0.412037037109375
2 0.527604166015625 0.27037037109375 0.557291666015625 0.282407408203125 0.580208333984375 0.262962962890625 0.582291666015625 0.237962962890625 0.5640625 0.22592592578125 0.546354166015625 0.22407407421875 0.529166666015625 0.240740740234375 0.525520833984375 0.257407408203125 0.525 0.265740740234375 0.527604166015625 0.27037037109375
2 0.25625 0.5018518515625 0.271354166015625 0.516666666015625 0.296875 0.517592591796875 0.356770833984375 0.461111111328125 0.365625 0.438888888671875 0.366666666015625 0.403703703125 0.3046875 0.4 0.2640625 0.434259259765625 0.256770833984375 0.446296296875 0.252083333984375 0.466666666015625 0.2515625 0.484259259765625 0.25625 0.5018518515625
2 0.25625 0.50092592578125 0.271875 0.516666666015625 0.297916666015625 0.516666666015625 0.35625 0.461111111328125 0.363020833984375 0.446296296875 0.364583333984375 0.433333333984375 0.3609375 0.415740740234375 0.35 0.406481482421875 0.308333333984375 0.40092592578125 0.269791666015625 0.428703703125 0.258333333984375 0.442592591796875 0.2546875 0.453703703125 0.252604166015625 0.484259259765625 0.25625 0.50092592578125
2 0.432291666015625 0.185185185546875 0.45 0.188888888671875 0.470833333984375 0.1768518515625 0.4734375 0.161111111328125 0.4671875 0.146296296875 0.455208333984375 0.14537037109375 0.4375 0.157407408203125 0.4296875 0.171296296875 0.429166666015625 0.178703703125 0.432291666015625 0.185185185546875
2 0.682291666015625 0.234259259765625 0.694270833984375 0.2194444453125 0.6953125 0.20092592578125 0.684895833984375 0.187037037109375 0.671875 0.185185185546875 0.664583333984375 0.191666666015625 0.657291666015625 0.208333333984375 0.6578125 0.2231481484375 0.682291666015625 0.234259259765625
2 0.866145833984375 0.568518517578125 0.914583333984375 0.590740740234375 0.931770833984375 0.581481482421875 0.936979166015625 0.5731481484375 0.938020833984375 0.5518518515625 0.933333333984375 0.518518517578125 0.921354166015625 0.5 0.895833333984375 0.488888888671875 0.877083333984375 0.487037037109375 0.85 0.496296296875 0.846354166015625 0.50462962890625 0.846354166015625 0.538888888671875 0.866145833984375 0.568518517578125
1 0.826041666015625 0.7555555546875 0.839583333984375 0.731481482421875 0.847395833984375 0.69537037109375 0.847395833984375 0.67962962890625 0.834895833984375 0.663888888671875 0.830729166015625 0.662962962890625 0.821354166015625 0.712962962890625 0.81875 0.753703703125 0.826041666015625 0.7555555546875
1 0.728645833984375 0.683333333984375 0.8 0.75092592578125 0.803645833984375 0.7481481484375 0.818229166015625 0.65462962890625 0.8171875 0.636111111328125 0.78125 0.607407408203125 0.743229166015625 0.59907407421875 0.727604166015625 0.609259259765625 0.71875 0.62592592578125 0.716145833984375 0.637037037109375 0.715625 0.658333333984375 0.728645833984375 0.683333333984375
1 0 0.718518517578125 0.020833333984375 0.711111111328125 0.030208333984375 0.685185185546875 0.028125 0.661111111328125 0.0234375 0.64907407421875 0.015104166015625 0.643518517578125 0.004166666015625 0.6481481484375 0 0.6518518515625 0 0.718518517578125
1 0.734375 0.064814814453125 0.73125 0.053703703125 0.7265625 0.053703703125 0.721875 0.060185185546875 0.723958333984375 0.067592591796875 0.734375 0.064814814453125
0 0.757291666015625 0.115740740234375 0.754166666015625 0.1018518515625 0.7484375 0.0981481484375 0.741666666015625 0.1018518515625 0.742708333984375 0.116666666015625 0.757291666015625 0.115740740234375
1 0.6796875 0.160185185546875 0.692708333984375 0.166666666015625 0.703125 0.158333333984375 0.703125 0.1481481484375 0.698958333984375 0.140740740234375 0.684895833984375 0.137037037109375 0.68125 0.142592591796875 0.678125 0.153703703125 0.6796875 0.160185185546875
0 0.782291666015625 0.09907407421875 0.779166666015625 0.085185185546875 0.772395833984375 0.084259259765625 0.7703125 0.087962962890625 0.771875 0.1 0.782291666015625 0.09907407421875
2 0.958333333984375 0.57777777734375 0.968229166015625 0.587962962890625 0.988020833984375 0.5981481484375 0.99375 0.57592592578125 0.991666666015625 0.534259259765625 0.988020833984375 0.513888888671875 0.980208333984375 0.491666666015625 0.972916666015625 0.482407408203125 0.963020833984375 0.483333333984375 0.952083333984375 0.516666666015625 0.9515625 0.5305555546875 0.958333333984375 0.57777777734375
2 0.113020833984375 0.32222222265625 0.115625 0.3231481484375 0.133854166015625 0.30462962890625 0.13125 0.290740740234375 0.1203125 0.2731481484375 0.111979166015625 0.27037037109375 0.103125 0.282407408203125 0.1046875 0.308333333984375 0.113020833984375 0.32222222265625
2 0.0953125 0.29907407421875 0.099479166015625 0.29907407421875 0.1125 0.268518517578125 0.103645833984375 0.2555555546875 0.096875 0.25277777734375 0.090104166015625 0.259259259765625 0.088541666015625 0.2694444453125 0.088541666015625 0.289814814453125 0.0953125 0.29907407421875
2 0.084895833984375 0.282407408203125 0.093229166015625 0.2518518515625 0.088541666015625 0.24537037109375 0.080729166015625 0.2444444453125 0.076041666015625 0.258333333984375 0.078125 0.275 0.084895833984375 0.282407408203125
2 0.126041666015625 0.27222222265625 0.144270833984375 0.258333333984375 0.141145833984375 0.243518517578125 0.1328125 0.233333333984375 0.121354166015625 0.236111111328125 0.117708333984375 0.2481481484375 0.119270833984375 0.268518517578125 0.126041666015625 0.27222222265625
2 0.163541666015625 0.24907407421875 0.180729166015625 0.237037037109375 0.177083333984375 0.22222222265625 0.16875 0.212962962890625 0.157291666015625 0.214814814453125 0.1515625 0.221296296875 0.152604166015625 0.240740740234375 0.163541666015625 0.24907407421875
0 0.053645833984375 0.234259259765625 0.064583333984375 0.235185185546875 0.078125 0.22222222265625 0.072395833984375 0.210185185546875 0.0671875 0.207407408203125 0.052604166015625 0.216666666015625 0.0515625 0.2305555546875 0.053645833984375 0.234259259765625
2 0.020833333984375 0.242592591796875 0.031770833984375 0.234259259765625 0.0265625 0.2194444453125 0.0171875 0.2231481484375 0.015625 0.2305555546875 0.020833333984375 0.242592591796875
2 0.5890625 0.092592591796875 0.598958333984375 0.087962962890625 0.6 0.07777777734375 0.596875 0.07222222265625 0.581770833984375 0.07222222265625 0.579166666015625 0.081481482421875 0.5796875 0.090740740234375 0.5890625 0.092592591796875
2 0.8015625 0.1055555546875 0.8 0.092592591796875 0.792708333984375 0.090740740234375 0.790625 0.0944444453125 0.790104166015625 0.1055555546875 0.8015625 0.1055555546875
2 0.802083333984375 0.091666666015625 0.8109375 0.093518517578125 0.8109375 0.082407408203125 0.803645833984375 0.07037037109375 0.796875 0.075 0.795833333984375 0.07777777734375 0.802083333984375 0.091666666015625
2 0.828125 0.07777777734375 0.83125 0.0731481484375 0.828645833984375 0.066666666015625 0.823958333984375 0.068518517578125 0.823958333984375 0.0768518515625 0.828125 0.07777777734375
2 0.7796875 0.056481482421875 0.778645833984375 0.0481481484375 0.772395833984375 0.05 0.772916666015625 0.056481482421875 0.7796875 0.056481482421875
2 0.7515625 0.059259259765625 0.759375 0.057407408203125 0.758333333984375 0.05 0.750520833984375 0.053703703125 0.749479166015625 0.057407408203125 0.7515625 0.059259259765625
2 0.755208333984375 0.57592592578125 0.759895833984375 0.585185185546875 0.813541666015625 0.62407407421875 0.820833333984375 0.62407407421875 0.83125 0.557407408203125 0.83125 0.536111111328125 0.829166666015625 0.5305555546875 0.799479166015625 0.518518517578125 0.771875 0.513888888671875 0.761979166015625 0.52037037109375 0.753125 0.538888888671875 0.752083333984375 0.557407408203125 0.755208333984375 0.57592592578125
2 0.853125 0.637962962890625 0.8671875 0.611111111328125 0.869270833984375 0.587962962890625 0.865625 0.571296296875 0.859895833984375 0.556481482421875 0.844791666015625 0.540740740234375 0.8421875 0.54537037109375 0.838020833984375 0.587037037109375 0.834895833984375 0.639814814453125 0.853125 0.637962962890625