2 0.484895833984375 0.72777777734375 0.566145833984375 0.814814814453125 0.595833333984375 0.814814814453125 0.6015625 0.811111111328125 0.623958333984375 0.77592592578125 0.626041666015625 0.740740740234375 0.6234375 0.7231481484375 0.586979166015625 0.665740740234375 0.541666666015625 0.621296296875 0.521875 0.606481482421875 0.506770833984375 0.603703703125 0.4953125 0.611111111328125 0.4703125 0.646296296875 0.4703125 0.682407408203125 0.484895833984375 0.72777777734375
2 0.195833333984375 0.266666666015625 0.2109375 0.268518517578125 0.2265625 0.258333333984375 0.229166666015625 0.2518518515625 0.224479166015625 0.237037037109375 0.2109375 0.22592592578125 0.196354166015625 0.2268518515625 0.191666666015625 0.2305555546875 0.188541666015625 0.242592591796875 0.190104166015625 0.262037037109375 0.195833333984375 0.266666666015625
1 0.734375 0.561111111328125 0.8 0.6055555546875 0.806770833984375 0.606481482421875 0.821354166015625 0.596296296875 0.825520833984375 0.587962962890625 0.829166666015625 0.532407408203125 0.796875 0.496296296875 0.78125 0.490740740234375 0.734895833984375 0.492592591796875 0.7296875 0.4981481484375 0.722395833984375 0.5231481484375 0.721875 0.535185185546875 0.734375 0.561111111328125
1 0.679166666015625 0.157407408203125 0.696354166015625 0.161111111328125 0.702604166015625 0.146296296875 0.697395833984375 0.136111111328125 0.6890625 0.133333333984375 0.6828125 0.137037037109375 0.677083333984375 0.14722222265625 0.6765625 0.153703703125 0.679166666015625 0.157407408203125
1 0.575520833984375 0.2518518515625 0.596354166015625 0.262037037109375 0.628645833984375 0.25092592578125 0.633854166015625 0.241666666015625 0.630729166015625 0.2268518515625 0.601041666015625 0.212962962890625 0.588541666015625 0.216666666015625 0.574479166015625 0.233333333984375 0.5734375 0.2481481484375 0.575520833984375 0.2518518515625
1 0.4984375 0.2231481484375 0.5109375 0.231481482421875 0.543229166015625 0.22592592578125 0.5546875 0.217592591796875 0.555208333984375 0.210185185546875 0.5515625 0.19722222265625 0.5359375 0.190740740234375 0.526041666015625 0.188888888671875 0.502604166015625 0.20092592578125 0.496875 0.206481482421875 0.4984375 0.2231481484375
1 0.431770833984375 0.30277777734375 0.4484375 0.309259259765625 0.501041666015625 0.296296296875 0.509895833984375 0.290740740234375 0.511458333984375 0.285185185546875 0.509375 0.2694444453125 0.501041666015625 0.260185185546875 0.471875 0.2518518515625 0.448958333984375 0.2555555546875 0.430208333984375 0.271296296875 0.428645833984375 0.291666666015625 0.431770833984375 0.30277777734375
1 0.323958333984375 0.27037037109375 0.366145833984375 0.268518517578125 0.381770833984375 0.257407408203125 0.384375 0.24722222265625 0.380208333984375 0.234259259765625 0.366145833984375 0.22407407421875 0.352083333984375 0.22222222265625 0.333854166015625 0.22592592578125 0.3140625 0.241666666015625 0.313541666015625 0.2555555546875 0.323958333984375 0.27037037109375
1 0.484895833984375 0.193518517578125 0.508333333984375 0.185185185546875 0.5125 0.175 0.5125 0.166666666015625 0.5015625 0.157407408203125 0.488541666015625 0.157407408203125 0.48125 0.161111111328125 0.4671875 0.17777777734375 0.466666666015625 0.189814814453125 0.484895833984375 0.193518517578125
1 0.744270833984375 0.064814814453125 0.746875 0.061111111328125 0.744270833984375 0.0518518515625 0.736458333984375 0.057407408203125 0.7375 0.063888888671875 0.744270833984375 0.064814814453125
2 0.136979166015625 0.339814814453125 0.15 0.3518518515625 0.1671875 0.341666666015625 0.1734375 0.331481482421875 0.168229166015625 0.309259259765625 0.154166666015625 0.2944444453125 0.146875 0.2944444453125 0.138020833984375 0.30092592578125 0.134375 0.312962962890625 0.133333333984375 0.32407407421875 0.136979166015625 0.339814814453125
0 0.143229166015625 0.287037037109375 0.146875 0.292592591796875 0.167708333984375 0.2981481484375 0.18125 0.287962962890625 0.179166666015625 0.2694444453125 0.166666666015625 0.25 0.158333333984375 0.24722222265625 0.144270833984375 0.257407408203125 0.140104166015625 0.265740740234375 0.143229166015625 0.287037037109375
2 0.115104166015625 0.262962962890625 0.121354166015625 0.263888888671875 0.133854166015625 0.25277777734375 0.128645833984375 0.232407408203125 0.1234375 0.22592592578125 0.1125 0.22777777734375 0.1078125 0.236111111328125 0.1078125 0.25277777734375 0.115104166015625 0.262962962890625
0 0.095833333984375 0.240740740234375 0.10625 0.2305555546875 0.103645833984375 0.216666666015625 0.096875 0.208333333984375 0.088541666015625 0.208333333984375 0.079166666015625 0.2194444453125 0.08125 0.238888888671875 0.095833333984375 0.240740740234375
0 0.065625 0.228703703125 0.0765625 0.225 0.086979166015625 0.209259259765625 0.073958333984375 0.20277777734375 0.059895833984375 0.213888888671875 0.059895833984375 0.2268518515625 0.065625 0.228703703125
2 0.036458333984375 0.231481482421875 0.043229166015625 0.2231481484375 0.036458333984375 0.211111111328125 0.028645833984375 0.212037037109375 0.024479166015625 0.22037037109375 0.026041666015625 0.233333333984375 0.036458333984375 0.231481482421875
0 0 0.8268518515625 0.047395833984375 0.791666666015625 0.0515625 0.783333333984375 0.056770833984375 0.7481481484375 0.053645833984375 0.725 0.039583333984375 0.69722222265625 0.002604166015625 0.707407408203125 0 0.708333333984375 0 0.8268518515625
1 0 0.97962962890625 0.005208333984375 0.9805555546875 0.0421875 0.94907407421875 0.049479166015625 0.931481482421875 0.054166666015625 0.907407408203125 0.046875 0.87222222265625 0.036458333984375 0.8481481484375 0.028125 0.839814814453125 0.015625 0.839814814453125 0 0.8444444453125 0 0.97962962890625
0 0.471354166015625 0.17037037109375 0.5 0.1555555546875 0.503645833984375 0.146296296875 0.503125 0.139814814453125 0.498958333984375 0.135185185546875 0.4828125 0.12962962890625 0.469791666015625 0.133333333984375 0.455729166015625 0.1518518515625 0.45625 0.167592591796875 0.471354166015625 0.17037037109375
0 0.435416666015625 0.164814814453125 0.454166666015625 0.165740740234375 0.472916666015625 0.133333333984375 0.4640625 0.12592592578125 0.4484375 0.12777777734375 0.431770833984375 0.14722222265625 0.4296875 0.156481482421875 0.435416666015625 0.164814814453125
2 0.4265625 0.157407408203125 0.4484375 0.12592592578125 0.4328125 0.12592592578125 0.416666666015625 0.143518517578125 0.417708333984375 0.156481482421875 0.4265625 0.157407408203125
2 0.506770833984375 0.138888888671875 0.527083333984375 0.12777777734375 0.525 0.112037037109375 0.5203125 0.107407408203125 0.505729166015625 0.109259259765625 0.495833333984375 0.1231481484375 0.4953125 0.1305555546875 0.506770833984375 0.138888888671875
0 0.546875 0.1194444453125 0.571354166015625 0.112037037109375 0.573958333984375 0.109259259765625 0.575 0.0981481484375 0.569270833984375 0.092592591796875 0.554166666015625 0.089814814453125 0.543229166015625 0.09907407421875 0.5421875 0.106481482421875 0.546875 0.1194444453125
2 0.619791666015625 0.108333333984375 0.630208333984375 0.103703703125 0.630729166015625 0.090740740234375 0.6296875 0.086111111328125 0.613020833984375 0.085185185546875 0.605729166015625 0.0981481484375 0.607291666015625 0.1055555546875 0.619791666015625 0.108333333984375
2 0.5828125 0.1018518515625 0.5953125 0.103703703125 0.603125 0.09907407421875 0.598958333984375 0.082407408203125 0.591145833984375 0.0805555546875 0.58125 0.089814814453125 0.5796875 0.09537037109375 0.5828125 0.1018518515625
2 0.64375 0.085185185546875 0.654166666015625 0.07777777734375 0.654166666015625 0.07407407421875 0.650520833984375 0.066666666015625 0.64375 0.065740740234375 0.633333333984375 0.07777777734375 0.634895833984375 0.083333333984375 0.64375 0.085185185546875
0 0.702083333984375 0.07407407421875 0.713020833984375 0.0731481484375 0.715104166015625 0.0694444453125 0.714583333984375 0.060185185546875 0.709895833984375 0.0555555546875 0.702083333984375 0.058333333984375 0.697916666015625 0.064814814453125 0.697916666015625 0.07037037109375 0.702083333984375 0.07407407421875