2 0.336458333984375 0.543518517578125 0.363541666015625 0.564814814453125 0.3875 0.563888888671875 0.447916666015625 0.4981481484375 0.453125 0.47592592578125 0.453645833984375 0.462037037109375 0.4484375 0.438888888671875 0.4296875 0.4268518515625 0.418229166015625 0.42592592578125 0.3890625 0.434259259765625 0.35 0.4694444453125 0.336458333984375 0.4981481484375 0.333854166015625 0.511111111328125 0.336458333984375 0.543518517578125
2 0.178645833984375 0.2555555546875 0.194270833984375 0.262037037109375 0.211458333984375 0.2444444453125 0.208333333984375 0.228703703125 0.196875 0.213888888671875 0.185416666015625 0.212962962890625 0.1765625 0.2231481484375 0.1765625 0.25092592578125 0.178645833984375 0.2555555546875
4 0.632291666015625 0.606481482421875 0.716145833984375 0.67222222265625 0.749479166015625 0.6694444453125 0.758854166015625 0.6555555546875 0.766145833984375 0.632407408203125 0.765625 0.585185185546875 0.7625 0.566666666015625 0.755208333984375 0.556481482421875 0.703125 0.52037037109375 0.693229166015625 0.516666666015625 0.644791666015625 0.5194444453125 0.630208333984375 0.5305555546875 0.619791666015625 0.553703703125 0.618229166015625 0.57407407421875 0.632291666015625 0.606481482421875
1 0.669791666015625 0.50277777734375 0.755208333984375 0.556481482421875 0.759895833984375 0.556481482421875 0.76875 0.546296296875 0.774479166015625 0.528703703125 0.7734375 0.50462962890625 0.749479166015625 0.47222222265625 0.7265625 0.4518518515625 0.6890625 0.442592591796875 0.677604166015625 0.443518517578125 0.667708333984375 0.44907407421875 0.661979166015625 0.460185185546875 0.6609375 0.478703703125 0.669791666015625 0.50277777734375
1 0.691145833984375 0.418518517578125 0.736979166015625 0.461111111328125 0.7578125 0.466666666015625 0.769270833984375 0.462037037109375 0.772395833984375 0.4555555546875 0.771875 0.435185185546875 0.76875 0.425 0.7515625 0.39537037109375 0.742708333984375 0.387037037109375 0.708333333984375 0.37777777734375 0.695833333984375 0.378703703125 0.6859375 0.387037037109375 0.685416666015625 0.40462962890625 0.691145833984375 0.418518517578125
2 0.655208333984375 0.27592592578125 0.671875 0.257407408203125 0.673958333984375 0.233333333984375 0.668229166015625 0.2231481484375 0.6453125 0.214814814453125 0.632291666015625 0.22592592578125 0.626041666015625 0.24537037109375 0.6265625 0.262962962890625 0.655208333984375 0.27592592578125
2 0.482291666015625 0.310185185546875 0.509375 0.318518517578125 0.540625 0.2944444453125 0.542708333984375 0.27222222265625 0.5375 0.261111111328125 0.5046875 0.2518518515625 0.484895833984375 0.267592591796875 0.478645833984375 0.283333333984375 0.477604166015625 0.29722222265625 0.482291666015625 0.310185185546875
2 0.691666666015625 0.168518517578125 0.703645833984375 0.162037037109375 0.705729166015625 0.15092592578125 0.702604166015625 0.141666666015625 0.694791666015625 0.133333333984375 0.684375 0.133333333984375 0.6765625 0.141666666015625 0.675 0.158333333984375 0.691666666015625 0.168518517578125
2 0.643229166015625 0.086111111328125 0.652083333984375 0.07777777734375 0.6515625 0.0694444453125 0.646875 0.064814814453125 0.636458333984375 0.066666666015625 0.630729166015625 0.07407407421875 0.6296875 0.082407408203125 0.643229166015625 0.086111111328125
1 0.084895833984375 0.432407408203125 0.098958333984375 0.432407408203125 0.136979166015625 0.39907407421875 0.14375 0.385185185546875 0.142708333984375 0.37222222265625 0.140104166015625 0.362962962890625 0.133854166015625 0.356481482421875 0.1125 0.365740740234375 0.094791666015625 0.386111111328125 0.083333333984375 0.411111111328125 0.082291666015625 0.42592592578125 0.084895833984375 0.432407408203125
2 0.108854166015625 0.315740740234375 0.125 0.308333333984375 0.130208333984375 0.3 0.1296875 0.289814814453125 0.116145833984375 0.264814814453125 0.1046875 0.2694444453125 0.100520833984375 0.281481482421875 0.1015625 0.30277777734375 0.108854166015625 0.315740740234375
1 0.747916666015625 0.061111111328125 0.745833333984375 0.0518518515625 0.738541666015625 0.053703703125 0.738541666015625 0.061111111328125 0.747916666015625 0.061111111328125
2 0.7640625 0.109259259765625 0.761979166015625 0.092592591796875 0.7546875 0.090740740234375 0.751041666015625 0.09722222265625 0.753125 0.109259259765625 0.7640625 0.109259259765625
2 0.772395833984375 0.140740740234375 0.776041666015625 0.134259259765625 0.7765625 0.1231481484375 0.771875 0.118518517578125 0.769270833984375 0.12407407421875 0.76875 0.137037037109375 0.772395833984375 0.140740740234375
2 0.7765625 0.091666666015625 0.7875 0.091666666015625 0.786979166015625 0.082407408203125 0.783854166015625 0.0768518515625 0.779166666015625 0.07592592578125 0.774479166015625 0.081481482421875 0.772916666015625 0.087962962890625 0.7765625 0.091666666015625
2 0.809895833984375 0.091666666015625 0.8078125 0.0805555546875 0.803125 0.082407408203125 0.803125 0.092592591796875 0.809895833984375 0.091666666015625
2 0 0.946296296875 0.011979166015625 0.97222222265625 0.027604166015625 0.985185185546875 0.0359375 0.983333333984375 0.092708333984375 0.913888888671875 0.099479166015625 0.90092592578125 0.103125 0.862962962890625 0.102083333984375 0.84722222265625 0.092708333984375 0.817592591796875 0.0796875 0.80277777734375 0.0703125 0.80092592578125 0.035416666015625 0.82037037109375 0.0078125 0.8518518515625 0 0.864814814453125 0 0.946296296875
2 0.085416666015625 0.34722222265625 0.0875 0.321296296875 0.078125 0.30462962890625 0.071354166015625 0.307407408203125 0.065625 0.32037037109375 0.067708333984375 0.359259259765625 0.085416666015625 0.34722222265625
2 0.060416666015625 0.318518517578125 0.065104166015625 0.3194444453125 0.077083333984375 0.30277777734375 0.076041666015625 0.289814814453125 0.071354166015625 0.278703703125 0.0640625 0.275 0.057291666015625 0.281481482421875 0.056770833984375 0.2981481484375 0.060416666015625 0.318518517578125
2 0.05 0.231481482421875 0.058333333984375 0.225 0.061458333984375 0.215740740234375 0.046354166015625 0.209259259765625 0.039583333984375 0.217592591796875 0.039583333984375 0.2305555546875 0.05 0.231481482421875
2 0.807291666015625 0.07592592578125 0.805729166015625 0.066666666015625 0.7984375 0.067592591796875 0.797916666015625 0.075 0.807291666015625 0.07592592578125
2 0.824479166015625 0.078703703125 0.822395833984375 0.0694444453125 0.8171875 0.07037037109375 0.818229166015625 0.07962962890625 0.824479166015625 0.078703703125
2 0.780729166015625 0.05 0.7796875 0.037962962890625 0.772916666015625 0.039814814453125 0.772916666015625 0.05462962890625 0.780729166015625 0.05