2 0.621354166015625 0.485185185546875 0.683333333984375 0.535185185546875 0.7109375 0.521296296875 0.717708333984375 0.512037037109375 0.721354166015625 0.49907407421875 0.719270833984375 0.460185185546875 0.7015625 0.437962962890625 0.681770833984375 0.42222222265625 0.630729166015625 0.42037037109375 0.619270833984375 0.4268518515625 0.614583333984375 0.437962962890625 0.614583333984375 0.460185185546875 0.621354166015625 0.485185185546875
2 0.6640625 0.3 0.690104166015625 0.306481482421875 0.697916666015625 0.303703703125 0.697916666015625 0.275 0.689583333984375 0.246296296875 0.6796875 0.240740740234375 0.665104166015625 0.239814814453125 0.6609375 0.241666666015625 0.657291666015625 0.25092592578125 0.6578125 0.2731481484375 0.6640625 0.3
2 0.6921875 0.168518517578125 0.702604166015625 0.157407408203125 0.7015625 0.146296296875 0.6921875 0.135185185546875 0.680729166015625 0.137962962890625 0.676041666015625 0.15 0.676041666015625 0.162037037109375 0.6921875 0.168518517578125
2 0.334375 0.2805555546875 0.355729166015625 0.293518517578125 0.383854166015625 0.275 0.380729166015625 0.25092592578125 0.366666666015625 0.237037037109375 0.3515625 0.237962962890625 0.330208333984375 0.25462962890625 0.3296875 0.267592591796875 0.334375 0.2805555546875
2 0.484375 0.181481482421875 0.503645833984375 0.186111111328125 0.523958333984375 0.175 0.5265625 0.171296296875 0.5265625 0.162962962890625 0.522916666015625 0.1481481484375 0.511458333984375 0.139814814453125 0.494270833984375 0.14907407421875 0.4828125 0.167592591796875 0.482291666015625 0.17777777734375 0.484375 0.181481482421875
2 0.478645833984375 0.171296296875 0.490625 0.156481482421875 0.496354166015625 0.146296296875 0.496875 0.139814814453125 0.491145833984375 0.133333333984375 0.4765625 0.136111111328125 0.4671875 0.142592591796875 0.459375 0.156481482421875 0.459895833984375 0.168518517578125 0.478645833984375 0.171296296875
2 0.553125 0.115740740234375 0.5609375 0.114814814453125 0.5640625 0.110185185546875 0.5640625 0.1018518515625 0.559895833984375 0.090740740234375 0.546354166015625 0.091666666015625 0.541666666015625 0.096296296875 0.5421875 0.106481482421875 0.553125 0.115740740234375
2 0.594270833984375 0.115740740234375 0.608333333984375 0.111111111328125 0.6125 0.10277777734375 0.608854166015625 0.090740740234375 0.600520833984375 0.085185185546875 0.5875 0.087962962890625 0.584895833984375 0.09537037109375 0.583854166015625 0.110185185546875 0.594270833984375 0.115740740234375
2 0.197395833984375 0.188888888671875 0.209375 0.187037037109375 0.213541666015625 0.181481482421875 0.211458333984375 0.17222222265625 0.206770833984375 0.166666666015625 0.200520833984375 0.167592591796875 0.194791666015625 0.17592592578125 0.194270833984375 0.184259259765625 0.197395833984375 0.188888888671875
4 0.445833333984375 0.165740740234375 0.45625 0.160185185546875 0.469791666015625 0.135185185546875 0.464583333984375 0.12592592578125 0.45 0.1268518515625 0.438020833984375 0.133333333984375 0.427083333984375 0.15092592578125 0.428125 0.163888888671875 0.445833333984375 0.165740740234375
4 0.5015625 0.141666666015625 0.508333333984375 0.137962962890625 0.520833333984375 0.108333333984375 0.5015625 0.107407408203125 0.486458333984375 0.1231481484375 0.486458333984375 0.1305555546875 0.5015625 0.141666666015625
0 0.4046875 0.166666666015625 0.425 0.15277777734375 0.436458333984375 0.133333333984375 0.4125 0.12592592578125 0.403645833984375 0.12962962890625 0.386458333984375 0.1481481484375 0.388020833984375 0.164814814453125 0.4046875 0.166666666015625
4 0.4703125 0.135185185546875 0.475 0.135185185546875 0.484375 0.12962962890625 0.4984375 0.1055555546875 0.4921875 0.1 0.480208333984375 0.1018518515625 0.459375 0.1194444453125 0.458854166015625 0.1231481484375 0.4703125 0.135185185546875
0 0.525520833984375 0.14907407421875 0.547916666015625 0.137962962890625 0.552083333984375 0.1194444453125 0.546354166015625 0.109259259765625 0.533854166015625 0.107407408203125 0.519270833984375 0.114814814453125 0.509895833984375 0.128703703125 0.5109375 0.138888888671875 0.525520833984375 0.14907407421875
1 0.58125 0.107407408203125 0.597916666015625 0.091666666015625 0.598958333984375 0.086111111328125 0.584895833984375 0.084259259765625 0.571875 0.09722222265625 0.572395833984375 0.1055555546875 0.58125 0.107407408203125
2 0.618229166015625 0.093518517578125 0.61875 0.0768518515625 0.6125 0.07222222265625 0.608333333984375 0.07407407421875 0.609375 0.092592591796875 0.618229166015625 0.093518517578125
2 0.172916666015625 0.24907407421875 0.185416666015625 0.257407408203125 0.205208333984375 0.241666666015625 0.204166666015625 0.231481482421875 0.197395833984375 0.2194444453125 0.189583333984375 0.212962962890625 0.176041666015625 0.215740740234375 0.170833333984375 0.225 0.1703125 0.240740740234375 0.172916666015625 0.24907407421875
0 0.119270833984375 0.317592591796875 0.140625 0.30092592578125 0.139583333984375 0.282407408203125 0.127083333984375 0.262962962890625 0.119270833984375 0.262962962890625 0.106770833984375 0.275 0.108333333984375 0.3018518515625 0.119270833984375 0.317592591796875
0 0.1109375 0.2555555546875 0.117708333984375 0.2481481484375 0.120833333984375 0.2305555546875 0.1171875 0.2231481484375 0.108854166015625 0.218518517578125 0.102604166015625 0.2231481484375 0.098958333984375 0.231481482421875 0.101041666015625 0.24722222265625 0.1109375 0.2555555546875
2 0.701041666015625 0.065740740234375 0.700520833984375 0.056481482421875 0.6953125 0.05092592578125 0.688541666015625 0.05277777734375 0.685416666015625 0.060185185546875 0.686458333984375 0.067592591796875 0.701041666015625 0.065740740234375
2 0.7484375 0.062962962890625 0.746354166015625 0.04907407421875 0.7390625 0.0518518515625 0.738541666015625 0.061111111328125 0.7484375 0.062962962890625
1 0.2515625 0.237962962890625 0.269791666015625 0.225 0.269270833984375 0.214814814453125 0.260416666015625 0.2055555546875 0.247916666015625 0.207407408203125 0.2390625 0.217592591796875 0.238020833984375 0.233333333984375 0.2515625 0.237962962890625
1 0.173958333984375 0.2055555546875 0.184375 0.20277777734375 0.189583333984375 0.196296296875 0.1890625 0.187962962890625 0.182291666015625 0.1805555546875 0.1671875 0.188888888671875 0.167708333984375 0.2018518515625 0.173958333984375 0.2055555546875
0 0.122395833984375 0.22777777734375 0.130208333984375 0.22407407421875 0.131770833984375 0.20277777734375 0.125520833984375 0.193518517578125 0.115104166015625 0.1944444453125 0.105729166015625 0.203703703125 0.105208333984375 0.217592591796875 0.122395833984375 0.22777777734375
2 0.152604166015625 0.237037037109375 0.163020833984375 0.242592591796875 0.16875 0.238888888671875 0.173958333984375 0.212962962890625 0.172395833984375 0.209259259765625 0.163020833984375 0.203703703125 0.152083333984375 0.212962962890625 0.15 0.231481482421875 0.152604166015625 0.237037037109375
2 0.153645833984375 0.289814814453125 0.169270833984375 0.281481482421875 0.173958333984375 0.27222222265625 0.171875 0.258333333984375 0.158333333984375 0.2444444453125 0.147395833984375 0.243518517578125 0.1390625 0.253703703125 0.140104166015625 0.278703703125 0.153645833984375 0.289814814453125
1 0.1203125 0.259259259765625 0.133333333984375 0.268518517578125 0.1375 0.264814814453125 0.1421875 0.24537037109375 0.138541666015625 0.236111111328125 0.1328125 0.22962962890625 0.125520833984375 0.228703703125 0.119270833984375 0.237962962890625 0.118229166015625 0.25277777734375 0.1203125 0.259259259765625
1 0.14375 0.232407408203125 0.151041666015625 0.22407407421875 0.152604166015625 0.206481482421875 0.141145833984375 0.1981481484375 0.1328125 0.203703703125 0.131770833984375 0.2268518515625 0.14375 0.232407408203125
2 0.090625 0.242592591796875 0.095833333984375 0.240740740234375 0.102604166015625 0.22222222265625 0.100520833984375 0.212962962890625 0.094270833984375 0.208333333984375 0.0875 0.208333333984375 0.0828125 0.215740740234375 0.083333333984375 0.237037037109375 0.090625 0.242592591796875
2 0.028645833984375 0.2194444453125 0.040625 0.217592591796875 0.0484375 0.206481482421875 0.042708333984375 0.1981481484375 0.028645833984375 0.20277777734375 0.0265625 0.209259259765625 0.028645833984375 0.2194444453125
2 0.102083333984375 0.1944444453125 0.116145833984375 0.181481482421875 0.1125 0.171296296875 0.103645833984375 0.171296296875 0.092708333984375 0.185185185546875 0.093229166015625 0.193518517578125 0.102083333984375 0.1944444453125
2 0.164583333984375 0.156481482421875 0.180729166015625 0.1481481484375 0.183854166015625 0.138888888671875 0.179166666015625 0.132407408203125 0.1734375 0.132407408203125 0.159895833984375 0.14722222265625 0.159375 0.15462962890625 0.164583333984375 0.156481482421875
2 0 0.988888888671875 0.04375 0.960185185546875 0.047916666015625 0.95277777734375 0.0515625 0.935185185546875 0.053645833984375 0.908333333984375 0.050520833984375 0.887037037109375 0.034375 0.8518518515625 0.022395833984375 0.846296296875 0 0.8518518515625 0 0.988888888671875
2 0 0.8268518515625 0.008333333984375 0.828703703125 0.0140625 0.82037037109375 0.021354166015625 0.782407408203125 0.015625 0.75092592578125 0.002604166015625 0.737037037109375 0 0.737037037109375 0 0.8268518515625