2 0.130729166015625 0.514814814453125 0.141666666015625 0.52037037109375 0.159375 0.5194444453125 0.201041666015625 0.467592591796875 0.207291666015625 0.44907407421875 0.196354166015625 0.42592592578125 0.180208333984375 0.42592592578125 0.1546875 0.436111111328125 0.133854166015625 0.458333333984375 0.128125 0.4694444453125 0.127604166015625 0.4981481484375 0.130729166015625 0.514814814453125
2 0.475 0.1731481484375 0.497916666015625 0.15 0.5 0.143518517578125 0.4953125 0.134259259765625 0.477604166015625 0.133333333984375 0.465104166015625 0.141666666015625 0.455729166015625 0.153703703125 0.452604166015625 0.162962962890625 0.453125 0.17222222265625 0.475 0.1731481484375
2 0.424479166015625 0.166666666015625 0.4375 0.168518517578125 0.452604166015625 0.163888888671875 0.459895833984375 0.1444444453125 0.459895833984375 0.137037037109375 0.4546875 0.1305555546875 0.4375 0.135185185546875 0.423958333984375 0.15462962890625 0.421875 0.161111111328125 0.424479166015625 0.166666666015625
2 0.694270833984375 0.657407408203125 0.702604166015625 0.6694444453125 0.7828125 0.737962962890625 0.804166666015625 0.72777777734375 0.8078125 0.72037037109375 0.816666666015625 0.671296296875 0.820833333984375 0.62777777734375 0.820833333984375 0.618518517578125 0.808854166015625 0.6055555546875 0.76875 0.57777777734375 0.727083333984375 0.567592591796875 0.70625 0.57222222265625 0.692708333984375 0.590740740234375 0.686979166015625 0.60462962890625 0.6859375 0.632407408203125 0.694270833984375 0.657407408203125
2 0.5328125 0.153703703125 0.550520833984375 0.157407408203125 0.5671875 0.1481481484375 0.571354166015625 0.138888888671875 0.571354166015625 0.1305555546875 0.564583333984375 0.118518517578125 0.546875 0.1194444453125 0.529166666015625 0.136111111328125 0.528125 0.140740740234375 0.528125 0.15 0.5328125 0.153703703125
2 0.195833333984375 0.266666666015625 0.209375 0.260185185546875 0.216145833984375 0.24907407421875 0.210416666015625 0.232407408203125 0.200520833984375 0.2231481484375 0.1921875 0.22222222265625 0.18125 0.233333333984375 0.182291666015625 0.2555555546875 0.195833333984375 0.266666666015625
2 0.141666666015625 0.235185185546875 0.146875 0.234259259765625 0.153645833984375 0.216666666015625 0.144270833984375 0.20092592578125 0.1375 0.2018518515625 0.13125 0.210185185546875 0.130208333984375 0.2194444453125 0.141666666015625 0.235185185546875
2 0.14375 0.288888888671875 0.165104166015625 0.275 0.163020833984375 0.262962962890625 0.151041666015625 0.24537037109375 0.14375 0.243518517578125 0.135416666015625 0.2555555546875 0.135416666015625 0.27222222265625 0.14375 0.288888888671875
2 0.105729166015625 0.2518518515625 0.111979166015625 0.25277777734375 0.11875 0.233333333984375 0.119270833984375 0.2231481484375 0.116666666015625 0.215740740234375 0.105208333984375 0.2194444453125 0.102604166015625 0.24537037109375 0.105729166015625 0.2518518515625
2 0.097916666015625 0.24537037109375 0.101041666015625 0.242592591796875 0.103125 0.215740740234375 0.09375 0.212037037109375 0.086458333984375 0.22037037109375 0.088020833984375 0.241666666015625 0.097916666015625 0.24537037109375
1 0.040625 0.216666666015625 0.05 0.212962962890625 0.053645833984375 0.2055555546875 0.0484375 0.19907407421875 0.041666666015625 0.19907407421875 0.034375 0.206481482421875 0.034895833984375 0.215740740234375 0.040625 0.216666666015625
1 0.1609375 0.1981481484375 0.171354166015625 0.191666666015625 0.174479166015625 0.184259259765625 0.169791666015625 0.17592592578125 0.163020833984375 0.17407407421875 0.154166666015625 0.178703703125 0.149479166015625 0.186111111328125 0.150520833984375 0.1944444453125 0.1609375 0.1981481484375
1 0.483333333984375 0.178703703125 0.501041666015625 0.184259259765625 0.527083333984375 0.171296296875 0.525 0.15462962890625 0.513541666015625 0.146296296875 0.499479166015625 0.1481481484375 0.482291666015625 0.167592591796875 0.48125 0.175 0.483333333984375 0.178703703125
1 0.69375 0.512037037109375 0.7015625 0.528703703125 0.758333333984375 0.57222222265625 0.791666666015625 0.585185185546875 0.796354166015625 0.581481482421875 0.803645833984375 0.565740740234375 0.801041666015625 0.52592592578125 0.7984375 0.518518517578125 0.7828125 0.49537037109375 0.766145833984375 0.4805555546875 0.716666666015625 0.4694444453125 0.7015625 0.478703703125 0.694270833984375 0.492592591796875 0.6921875 0.5018518515625 0.69375 0.512037037109375
1 0.115104166015625 0.316666666015625 0.1296875 0.306481482421875 0.132291666015625 0.30092592578125 0.127604166015625 0.2805555546875 0.1203125 0.27222222265625 0.110416666015625 0.27407407421875 0.105208333984375 0.285185185546875 0.1046875 0.29722222265625 0.115104166015625 0.316666666015625
0 0.126041666015625 0.27037037109375 0.132291666015625 0.267592591796875 0.142708333984375 0.242592591796875 0.134375 0.225 0.127604166015625 0.225 0.119791666015625 0.233333333984375 0.116145833984375 0.25277777734375 0.126041666015625 0.27037037109375
0 0.163541666015625 0.253703703125 0.178645833984375 0.24537037109375 0.182291666015625 0.22777777734375 0.175520833984375 0.212037037109375 0.16875 0.208333333984375 0.155729166015625 0.215740740234375 0.1515625 0.225 0.150520833984375 0.237962962890625 0.163541666015625 0.253703703125
2 0 0.811111111328125 0.019270833984375 0.810185185546875 0.025 0.803703703125 0.027083333984375 0.79537037109375 0.03125 0.768518517578125 0.0296875 0.7481481484375 0.01875 0.714814814453125 0.015104166015625 0.711111111328125 0.004166666015625 0.715740740234375 0 0.718518517578125 0 0.811111111328125
2 0.258333333984375 0.2268518515625 0.2765625 0.212962962890625 0.275 0.19907407421875 0.266666666015625 0.188888888671875 0.254166666015625 0.191666666015625 0.246875 0.20462962890625 0.246875 0.216666666015625 0.258333333984375 0.2268518515625