0 0.1640625 0.466666666015625 0.172916666015625 0.471296296875 0.203645833984375 0.468518517578125 0.246354166015625 0.410185185546875 0.251041666015625 0.393518517578125 0.248958333984375 0.375 0.244791666015625 0.365740740234375 0.2390625 0.362962962890625 0.201041666015625 0.371296296875 0.164583333984375 0.411111111328125 0.158854166015625 0.428703703125 0.158854166015625 0.45277777734375 0.1640625 0.466666666015625
2 0.159375 0.45462962890625 0.1640625 0.466666666015625 0.175 0.47222222265625 0.203125 0.468518517578125 0.246354166015625 0.410185185546875 0.250520833984375 0.393518517578125 0.248958333984375 0.37592592578125 0.244791666015625 0.365740740234375 0.2359375 0.362037037109375 0.202604166015625 0.37037037109375 0.1796875 0.392592591796875 0.165625 0.409259259765625 0.160416666015625 0.42037037109375 0.1578125 0.440740740234375 0.159375 0.45462962890625
2 0.082291666015625 0.792592591796875 0.092708333984375 0.825 0.097916666015625 0.8305555546875 0.128125 0.828703703125 0.196875 0.7518518515625 0.202604166015625 0.740740740234375 0.209375 0.706481482421875 0.209895833984375 0.691666666015625 0.196875 0.659259259765625 0.186979166015625 0.65277777734375 0.178645833984375 0.65277777734375 0.126041666015625 0.67777777734375 0.091666666015625 0.712962962890625 0.080729166015625 0.737962962890625 0.0796875 0.768518517578125 0.082291666015625 0.792592591796875
2 0.4265625 0.1555555546875 0.446354166015625 0.15092592578125 0.449479166015625 0.14722222265625 0.450520833984375 0.136111111328125 0.446354166015625 0.1231481484375 0.4375 0.12222222265625 0.425520833984375 0.1268518515625 0.411458333984375 0.143518517578125 0.411979166015625 0.1555555546875 0.4265625 0.1555555546875
2 0.545833333984375 0.156481482421875 0.567708333984375 0.1481481484375 0.570833333984375 0.137037037109375 0.567708333984375 0.1194444453125 0.5515625 0.118518517578125 0.543229166015625 0.12962962890625 0.540625 0.153703703125 0.545833333984375 0.156481482421875
2 0.588541666015625 0.136111111328125 0.6046875 0.1305555546875 0.605729166015625 0.1231481484375 0.602604166015625 0.110185185546875 0.595833333984375 0.10462962890625 0.577604166015625 0.1194444453125 0.577604166015625 0.132407408203125 0.588541666015625 0.136111111328125
2 0.633333333984375 0.2694444453125 0.654166666015625 0.2518518515625 0.656770833984375 0.24537037109375 0.656770833984375 0.2305555546875 0.654166666015625 0.22222222265625 0.6375 0.212962962890625 0.620833333984375 0.212962962890625 0.6125 0.2194444453125 0.608854166015625 0.2305555546875 0.609375 0.256481482421875 0.633333333984375 0.2694444453125
2 0.713541666015625 0.4231481484375 0.7609375 0.467592591796875 0.786458333984375 0.462962962890625 0.792708333984375 0.457407408203125 0.796875 0.44722222265625 0.797916666015625 0.42222222265625 0.794791666015625 0.411111111328125 0.7640625 0.3805555546875 0.719791666015625 0.37037037109375 0.708333333984375 0.37777777734375 0.705729166015625 0.383333333984375 0.705208333984375 0.4055555546875 0.713541666015625 0.4231481484375
2 0.8625 0.671296296875 0.925520833984375 0.731481482421875 0.950520833984375 0.7268518515625 0.9609375 0.69907407421875 0.961979166015625 0.64722222265625 0.947395833984375 0.62592592578125 0.927083333984375 0.606481482421875 0.873958333984375 0.587962962890625 0.866145833984375 0.591666666015625 0.8578125 0.612037037109375 0.853645833984375 0.6481481484375 0.8625 0.671296296875
2 0.276041666015625 0.24537037109375 0.298958333984375 0.234259259765625 0.303645833984375 0.217592591796875 0.303125 0.209259259765625 0.290104166015625 0.203703703125 0.275520833984375 0.207407408203125 0.269791666015625 0.212962962890625 0.26875 0.2305555546875 0.276041666015625 0.24537037109375
2 0.151041666015625 0.29537037109375 0.165625 0.286111111328125 0.171875 0.27222222265625 0.161458333984375 0.2518518515625 0.1546875 0.24537037109375 0.146875 0.2481481484375 0.139583333984375 0.262962962890625 0.1390625 0.2805555546875 0.151041666015625 0.29537037109375
2 0.117708333984375 0.264814814453125 0.136458333984375 0.25092592578125 0.127083333984375 0.233333333984375 0.1203125 0.228703703125 0.1125 0.2268518515625 0.10625 0.240740740234375 0.10625 0.25092592578125 0.117708333984375 0.264814814453125
2 0.088541666015625 0.283333333984375 0.091666666015625 0.284259259765625 0.103645833984375 0.265740740234375 0.100520833984375 0.25092592578125 0.096354166015625 0.24537037109375 0.0875 0.2444444453125 0.084375 0.258333333984375 0.084375 0.27222222265625 0.088541666015625 0.283333333984375
4 0.067708333984375 0.264814814453125 0.075 0.2694444453125 0.083854166015625 0.262037037109375 0.086458333984375 0.240740740234375 0.080208333984375 0.22407407421875 0.071354166015625 0.22222222265625 0.0640625 0.233333333984375 0.064583333984375 0.25462962890625 0.067708333984375 0.264814814453125
1 0.1078125 0.307407408203125 0.120833333984375 0.30092592578125 0.125 0.293518517578125 0.119791666015625 0.27777777734375 0.113020833984375 0.268518517578125 0.106770833984375 0.2694444453125 0.099479166015625 0.2805555546875 0.1 0.296296296875 0.1078125 0.307407408203125
1 0.1875 0.258333333984375 0.202083333984375 0.267592591796875 0.216666666015625 0.259259259765625 0.219791666015625 0.25277777734375 0.2171875 0.241666666015625 0.207291666015625 0.22962962890625 0.193229166015625 0.232407408203125 0.1859375 0.239814814453125 0.184895833984375 0.25092592578125 0.1875 0.258333333984375
1 0 0.4731481484375 0.029166666015625 0.437037037109375 0.0328125 0.42777777734375 0.033333333984375 0.413888888671875 0.030729166015625 0.40462962890625 0.025520833984375 0.4018518515625 0.014583333984375 0.407407408203125 0 0.4194444453125 0 0.4731481484375
1 0.5078125 0.185185185546875 0.528125 0.175 0.531770833984375 0.15 0.5265625 0.140740740234375 0.50625 0.141666666015625 0.490104166015625 0.15462962890625 0.482291666015625 0.168518517578125 0.485416666015625 0.178703703125 0.5078125 0.185185185546875
1 0.445833333984375 0.175 0.4640625 0.178703703125 0.483854166015625 0.164814814453125 0.492708333984375 0.15092592578125 0.492708333984375 0.1444444453125 0.484375 0.136111111328125 0.465625 0.136111111328125 0.450520833984375 0.1481481484375 0.443229166015625 0.161111111328125 0.4421875 0.1694444453125 0.445833333984375 0.175
1 0.751041666015625 0.14907407421875 0.7546875 0.15 0.758854166015625 0.137037037109375 0.752604166015625 0.12777777734375 0.744270833984375 0.12777777734375 0.741666666015625 0.132407408203125 0.742708333984375 0.143518517578125 0.751041666015625 0.14907407421875
1 0.6625 0.6018518515625 0.669270833984375 0.6194444453125 0.75 0.7 0.783333333984375 0.7055555546875 0.797916666015625 0.685185185546875 0.802083333984375 0.664814814453125 0.801041666015625 0.62962962890625 0.765625 0.582407408203125 0.742708333984375 0.563888888671875 0.730729166015625 0.556481482421875 0.688020833984375 0.54537037109375 0.677083333984375 0.55092592578125 0.657291666015625 0.57222222265625 0.656770833984375 0.578703703125 0.6625 0.6018518515625
1 0.7828125 0.110185185546875 0.789583333984375 0.112962962890625 0.793229166015625 0.108333333984375 0.7890625 0.096296296875 0.7859375 0.0944444453125 0.780729166015625 0.09907407421875 0.780208333984375 0.1055555546875 0.7828125 0.110185185546875
2 0.784375 0.087037037109375 0.794270833984375 0.087962962890625 0.791145833984375 0.075 0.7828125 0.07592592578125 0.782291666015625 0.084259259765625 0.784375 0.087037037109375
2 0.806770833984375 0.093518517578125 0.805208333984375 0.081481482421875 0.7984375 0.081481482421875 0.798958333984375 0.093518517578125 0.806770833984375 0.093518517578125
1 0.022395833984375 0.24537037109375 0.0328125 0.242592591796875 0.039583333984375 0.232407408203125 0.034375 0.2231481484375 0.028125 0.221296296875 0.022916666015625 0.22407407421875 0.018229166015625 0.237037037109375 0.0171875 0.2444444453125 0.022395833984375 0.24537037109375
0 0.04375 0.20092592578125 0.053645833984375 0.19722222265625 0.058333333984375 0.188888888671875 0.055208333984375 0.181481482421875 0.0484375 0.1805555546875 0.038541666015625 0.192592591796875 0.0390625 0.20092592578125 0.04375 0.20092592578125
0 0.166666666015625 0.153703703125 0.180208333984375 0.1481481484375 0.183333333984375 0.139814814453125 0.181770833984375 0.132407408203125 0.175 0.131481482421875 0.1625 0.142592591796875 0.161979166015625 0.15092592578125 0.166666666015625 0.153703703125
0 0.817708333984375 0.085185185546875 0.819270833984375 0.0805555546875 0.816145833984375 0.07222222265625 0.810416666015625 0.07407407421875 0.8109375 0.083333333984375 0.817708333984375 0.085185185546875
2 0.765625 0.04907407421875 0.7625 0.040740740234375 0.758333333984375 0.0444444453125 0.759895833984375 0.05 0.765625 0.04907407421875
3 0.834895833984375 0.07222222265625 0.838020833984375 0.063888888671875 0.836979166015625 0.057407408203125 0.831770833984375 0.05 0.825520833984375 0.0518518515625 0.825520833984375 0.067592591796875 0.834895833984375 0.07222222265625