2 0.705729166015625 0.662037037109375 0.7859375 0.740740740234375 0.793229166015625 0.740740740234375 0.797395833984375 0.736111111328125 0.807291666015625 0.714814814453125 0.820833333984375 0.62962962890625 0.819791666015625 0.6194444453125 0.8140625 0.610185185546875 0.778125 0.57962962890625 0.73125 0.566666666015625 0.7171875 0.567592591796875 0.704166666015625 0.57592592578125 0.693229166015625 0.6018518515625 0.694791666015625 0.643518517578125 0.705729166015625 0.662037037109375
4 0.75 0.57037037109375 0.8203125 0.617592591796875 0.822916666015625 0.615740740234375 0.828125 0.560185185546875 0.805208333984375 0.49722222265625 0.7609375 0.49537037109375 0.747395833984375 0.507407408203125 0.739583333984375 0.528703703125 0.739583333984375 0.55 0.75 0.57037037109375
4 0.851993228515625 0.632407408203125 0.865534896484375 0.584259259765625 0.866055728515625 0.5518518515625 0.8634515625 0.5444444453125 0.845222396484375 0.5305555546875 0.837930728515625 0.586111111328125 0.836368228515625 0.62962962890625 0.851993228515625 0.632407408203125
2 0.886979166015625 0.541666666015625 0.902604166015625 0.52592592578125 0.906770833984375 0.50092592578125 0.904166666015625 0.478703703125 0.891666666015625 0.456481482421875 0.865104166015625 0.443518517578125 0.8515625 0.443518517578125 0.8453125 0.5055555546875 0.846354166015625 0.52407407421875 0.886979166015625 0.541666666015625
2 0.8125 0.4981481484375 0.816145833984375 0.4981481484375 0.835416666015625 0.486111111328125 0.840625 0.459259259765625 0.838541666015625 0.45277777734375 0.818229166015625 0.4518518515625 0.809375 0.462962962890625 0.8078125 0.471296296875 0.807291666015625 0.485185185546875 0.8125 0.4981481484375
1 0.664583333984375 0.175 0.677083333984375 0.17592592578125 0.686458333984375 0.17037037109375 0.688020833984375 0.165740740234375 0.686979166015625 0.1555555546875 0.677604166015625 0.14722222265625 0.664583333984375 0.1481481484375 0.656770833984375 0.160185185546875 0.655208333984375 0.17037037109375 0.664583333984375 0.175
2 0.728645833984375 0.158333333984375 0.738541666015625 0.162962962890625 0.745833333984375 0.160185185546875 0.7484375 0.1518518515625 0.746354166015625 0.135185185546875 0.740625 0.131481482421875 0.729166666015625 0.136111111328125 0.727083333984375 0.14722222265625 0.728645833984375 0.158333333984375
2 0.486458333984375 0.17962962890625 0.508333333984375 0.185185185546875 0.526041666015625 0.175 0.528125 0.1694444453125 0.528125 0.15 0.5265625 0.142592591796875 0.521875 0.138888888671875 0.503645833984375 0.140740740234375 0.483333333984375 0.167592591796875 0.4828125 0.1731481484375 0.486458333984375 0.17962962890625
2 0.536458333984375 0.157407408203125 0.546875 0.158333333984375 0.563541666015625 0.15092592578125 0.565104166015625 0.134259259765625 0.5625 0.12592592578125 0.553125 0.1194444453125 0.547395833984375 0.12037037109375 0.523958333984375 0.140740740234375 0.536458333984375 0.157407408203125
2 0.488020833984375 0.1805555546875 0.508333333984375 0.185185185546875 0.526041666015625 0.175 0.528125 0.1694444453125 0.528125 0.15092592578125 0.5265625 0.142592591796875 0.521875 0.138888888671875 0.504166666015625 0.140740740234375 0.483333333984375 0.167592591796875 0.483333333984375 0.175 0.488020833984375 0.1805555546875
2 0.4390625 0.17222222265625 0.459895833984375 0.161111111328125 0.4625 0.140740740234375 0.456770833984375 0.12962962890625 0.445833333984375 0.12962962890625 0.433854166015625 0.136111111328125 0.417708333984375 0.160185185546875 0.4203125 0.17037037109375 0.4390625 0.17222222265625
1 0.471354166015625 0.142592591796875 0.4859375 0.14537037109375 0.505208333984375 0.137962962890625 0.508854166015625 0.12592592578125 0.503645833984375 0.117592591796875 0.4890625 0.117592591796875 0.474479166015625 0.132407408203125 0.4703125 0.139814814453125 0.471354166015625 0.142592591796875
2 0.525520833984375 0.1194444453125 0.550520833984375 0.117592591796875 0.55625 0.112037037109375 0.556770833984375 0.10462962890625 0.553125 0.0944444453125 0.543229166015625 0.0944444453125 0.5359375 0.09722222265625 0.522916666015625 0.112037037109375 0.522395833984375 0.116666666015625 0.525520833984375 0.1194444453125
2 0.559375 0.111111111328125 0.577604166015625 0.10462962890625 0.5796875 0.0981481484375 0.578645833984375 0.088888888671875 0.5703125 0.085185185546875 0.563020833984375 0.085185185546875 0.554166666015625 0.092592591796875 0.556770833984375 0.109259259765625 0.559375 0.111111111328125
2 0.63125 0.084259259765625 0.627083333984375 0.07037037109375 0.615104166015625 0.07407407421875 0.6109375 0.083333333984375 0.63125 0.084259259765625
2 0.116145833984375 0.318518517578125 0.122395833984375 0.317592591796875 0.136458333984375 0.303703703125 0.130729166015625 0.282407408203125 0.119270833984375 0.27037037109375 0.1125 0.2731481484375 0.105729166015625 0.286111111328125 0.106770833984375 0.303703703125 0.116145833984375 0.318518517578125
2 0.14375 0.287037037109375 0.147395833984375 0.287962962890625 0.1640625 0.268518517578125 0.155729166015625 0.24907407421875 0.146354166015625 0.239814814453125 0.141145833984375 0.239814814453125 0.132291666015625 0.25092592578125 0.133333333984375 0.2768518515625 0.14375 0.287037037109375
0 0.116145833984375 0.261111111328125 0.1296875 0.253703703125 0.132291666015625 0.2444444453125 0.128125 0.233333333984375 0.120833333984375 0.22592592578125 0.114583333984375 0.2268518515625 0.1078125 0.237037037109375 0.108854166015625 0.25462962890625 0.116145833984375 0.261111111328125
1 0.09375 0.2444444453125 0.1 0.241666666015625 0.105208333984375 0.232407408203125 0.102083333984375 0.215740740234375 0.092708333984375 0.213888888671875 0.086979166015625 0.22037037109375 0.086979166015625 0.237037037109375 0.09375 0.2444444453125
2 0.053125 0.2305555546875 0.0640625 0.22777777734375 0.069791666015625 0.221296296875 0.068229166015625 0.212962962890625 0.061458333984375 0.207407408203125 0.049340103515625 0.2127444453125 0.05 0.22592592578125 0.053125 0.2305555546875
2 0.109375 0.2268518515625 0.127604166015625 0.213888888671875 0.13125 0.209259259765625 0.131770833984375 0.20277777734375 0.116666666015625 0.1944444453125 0.1046875 0.20277777734375 0.104166666015625 0.2194444453125 0.109375 0.2268518515625
2 0.034895833984375 0.203703703125 0.043229166015625 0.19722222265625 0.044791666015625 0.191666666015625 0.042708333984375 0.185185185546875 0.036979166015625 0.183333333984375 0.025520833984375 0.19722222265625 0.025520833984375 0.203703703125 0.034895833984375 0.203703703125
0 0.209375 0.158333333984375 0.217708333984375 0.14722222265625 0.217708333984375 0.138888888671875 0.2140625 0.133333333984375 0.208333333984375 0.133333333984375 0.202604166015625 0.137962962890625 0.197916666015625 0.15092592578125 0.198958333984375 0.161111111328125 0.209375 0.158333333984375
0 0.968229166015625 0.759259259765625 0.999479166015625 0.8018518515625 0.999479166015625 0.637962962890625 0.994791666015625 0.632407408203125 0.991145833984375 0.633333333984375 0.966666666015625 0.7444444453125 0.966145833984375 0.75462962890625 0.968229166015625 0.759259259765625
1 0.81875 0.083333333984375 0.816666666015625 0.075 0.810416666015625 0.07592592578125 0.810416666015625 0.084259259765625 0.81875 0.083333333984375