2 0.115625 0.316666666015625 0.132291666015625 0.30092592578125 0.127604166015625 0.27962962890625 0.119270833984375 0.271296296875 0.113020833984375 0.27037037109375 0.105729166015625 0.283333333984375 0.107291666015625 0.30277777734375 0.115625 0.316666666015625
2 0.184895833984375 0.259259259765625 0.199479166015625 0.264814814453125 0.209375 0.260185185546875 0.215625 0.25092592578125 0.210416666015625 0.232407408203125 0.199479166015625 0.2231481484375 0.192708333984375 0.22222222265625 0.181770833984375 0.233333333984375 0.180729166015625 0.24907407421875 0.184895833984375 0.259259259765625
2 0.098958333984375 0.24537037109375 0.104166666015625 0.22592592578125 0.103125 0.215740740234375 0.094791666015625 0.212037037109375 0.0875 0.2194444453125 0.0875 0.237037037109375 0.098958333984375 0.24537037109375
2 0.069791666015625 0.232407408203125 0.079166666015625 0.232407408203125 0.0859375 0.22592592578125 0.084895833984375 0.217592591796875 0.077083333984375 0.209259259765625 0.0671875 0.215740740234375 0.066666666015625 0.22777777734375 0.069791666015625 0.232407408203125
2 0.108854166015625 0.25277777734375 0.114583333984375 0.2555555546875 0.121354166015625 0.2268518515625 0.1140625 0.2194444453125 0.10625 0.22037037109375 0.102083333984375 0.237962962890625 0.108854166015625 0.25277777734375
2 0.140104166015625 0.236111111328125 0.147395833984375 0.237962962890625 0.152604166015625 0.212962962890625 0.144791666015625 0.2018518515625 0.133277083984375 0.211558333984375 0.132925 0.221689814453125 0.140104166015625 0.236111111328125
2 0 0.816992591796875 0.036979166015625 0.790740740234375 0.04375 0.784259259765625 0.052083333984375 0.75 0.0515625 0.738888888671875 0.0375 0.707407408203125 0.03125 0.70462962890625 0 0.715740740234375 0 0.816992591796875
2 0 0.99907407421875 0.067708333984375 0.933333333984375 0.078125 0.89907407421875 0.0796875 0.887037037109375 0.0765625 0.866666666015625 0.065625 0.8305555546875 0.05625 0.809259259765625 0.043229166015625 0.808333333984375 0 0.82592592578125 0 0.99907407421875
1 0.0953125 0.291666666015625 0.101041666015625 0.289814814453125 0.1078125 0.27407407421875 0.105729166015625 0.262037037109375 0.098958333984375 0.2555555546875 0.091145833984375 0.258333333984375 0.0859375 0.2694444453125 0.0875 0.281481482421875 0.0953125 0.291666666015625
1 0.14375 0.288888888671875 0.1640625 0.275 0.163020833984375 0.262037037109375 0.150520833984375 0.24537037109375 0.141666666015625 0.24537037109375 0.134375 0.2555555546875 0.133854166015625 0.268518517578125 0.14375 0.288888888671875
0 0.164583333984375 0.25277777734375 0.177083333984375 0.24537037109375 0.181770833984375 0.2305555546875 0.180729166015625 0.22222222265625 0.171875 0.209259259765625 0.164583333984375 0.208333333984375 0.155729166015625 0.213888888671875 0.152604166015625 0.22037037109375 0.15 0.238888888671875 0.164583333984375 0.25277777734375
0 0.128125 0.267592591796875 0.132291666015625 0.265740740234375 0.141666666015625 0.240740740234375 0.134375 0.22592592578125 0.128645833984375 0.225 0.120833333984375 0.2305555546875 0.117708333984375 0.243518517578125 0.11875 0.260185185546875 0.128125 0.267592591796875
0 0.058854166015625 0.212037037109375 0.067708333984375 0.212037037109375 0.074479166015625 0.203703703125 0.075520833984375 0.19722222265625 0.070833333984375 0.186111111328125 0.059895833984375 0.187962962890625 0.0546875 0.19537037109375 0.054166666015625 0.2055555546875 0.058854166015625 0.212037037109375
2 0.455208333984375 0.1731481484375 0.475 0.1731481484375 0.4984375 0.1481481484375 0.498958333984375 0.142592591796875 0.490625 0.132407408203125 0.4734375 0.133333333984375 0.4703125 0.135185185546875 0.455729166015625 0.153703703125 0.452604166015625 0.161111111328125 0.452083333984375 0.167592591796875 0.455208333984375 0.1731481484375
2 0.4234375 0.165740740234375 0.427604166015625 0.167592591796875 0.441666666015625 0.167592591796875 0.452083333984375 0.160185185546875 0.459895833984375 0.146296296875 0.461979166015625 0.139814814453125 0.4578125 0.1305555546875 0.445833333984375 0.1305555546875 0.434375 0.137037037109375 0.423958333984375 0.15462962890625 0.422395833984375 0.160185185546875 0.4234375 0.165740740234375
2 0.566145833984375 0.139814814453125 0.578125 0.141666666015625 0.5921875 0.137037037109375 0.594270833984375 0.134259259765625 0.594791666015625 0.117592591796875 0.592708333984375 0.110185185546875 0.5859375 0.107407408203125 0.578125 0.107407408203125 0.573958333984375 0.110185185546875 0.562753646484375 0.12575277734375 0.566145833984375 0.139814814453125
1 0.5015625 0.184259259765625 0.522395833984375 0.17222222265625 0.524479166015625 0.158333333984375 0.519791666015625 0.14907407421875 0.503125 0.14537037109375 0.490625 0.15462962890625 0.48125 0.168518517578125 0.483333333984375 0.178703703125 0.5015625 0.184259259765625
4 0.543229166015625 0.162037037109375 0.561458333984375 0.1518518515625 0.565104166015625 0.136111111328125 0.5609375 0.1231481484375 0.55 0.12222222265625 0.5328125 0.1305555546875 0.5265625 0.142592591796875 0.526041666015625 0.15462962890625 0.543229166015625 0.162037037109375
2 0.5015625 0.141666666015625 0.504166666015625 0.133333333984375 0.502083333984375 0.116666666015625 0.4953125 0.112037037109375 0.4828125 0.115740740234375 0.471875 0.12962962890625 0.4703125 0.133333333984375 0.5015625 0.141666666015625
0 0.508333333984375 0.143518517578125 0.521354166015625 0.14722222265625 0.532291666015625 0.143518517578125 0.536979166015625 0.114814814453125 0.5328125 0.107407408203125 0.526041666015625 0.109259259765625 0.506770833984375 0.128703703125 0.50625 0.139814814453125 0.508333333984375 0.143518517578125
0 0.551041666015625 0.1194444453125 0.550520833984375 0.114814814453125 0.543229166015625 0.110185185546875 0.544270833984375 0.1231481484375 0.551041666015625 0.1194444453125
2 0.552083333984375 0.117592591796875 0.5640625 0.109259259765625 0.560416666015625 0.088888888671875 0.546875 0.092592591796875 0.5390625 0.1 0.540104166015625 0.1055555546875 0.552083333984375 0.117592591796875
2 0.7328125 0.063888888671875 0.734375 0.064814814453125 0.7390625 0.064814814453125 0.740625 0.063888888671875 0.7421875 0.060185185546875 0.741666666015625 0.05277777734375 0.740104166015625 0.05092592578125 0.7359375 0.05092592578125 0.734375 0.0518518515625 0.733333333984375 0.05277777734375 0.73125 0.056481482421875 0.730729166015625 0.060185185546875 0.7328125 0.063888888671875
2 0.7609375 0.0555555546875 0.765104166015625 0.059259259765625 0.765625 0.059259259765625 0.7671875 0.056481482421875 0.7671875 0.05 0.765625 0.04722222265625 0.761979166015625 0.0481481484375 0.760416666015625 0.05 0.759895833984375 0.053703703125 0.7609375 0.0555555546875