2 0.708333333984375 0.54722222265625 0.7765625 0.6055555546875 0.803125 0.60092592578125 0.8125 0.587962962890625 0.816145833984375 0.57407407421875 0.81875 0.556481482421875 0.813020833984375 0.512037037109375 0.777083333984375 0.486111111328125 0.721875 0.471296296875 0.70625 0.4805555546875 0.6984375 0.5 0.697395833984375 0.5231481484375 0.708333333984375 0.54722222265625
2 0.7359375 0.47407407421875 0.744270833984375 0.4805555546875 0.824479166015625 0.528703703125 0.828645833984375 0.525 0.832291666015625 0.512962962890625 0.8359375 0.487037037109375 0.831770833984375 0.471296296875 0.81875 0.45092592578125 0.80625 0.439814814453125 0.790104166015625 0.42962962890625 0.75 0.4231481484375 0.7390625 0.42962962890625 0.730208333984375 0.4444444453125 0.730208333984375 0.462962962890625 0.7359375 0.47407407421875
2 0.2453125 0.64537037109375 0.2609375 0.661111111328125 0.2859375 0.664814814453125 0.353125 0.587037037109375 0.359375 0.560185185546875 0.358333333984375 0.52962962890625 0.347395833984375 0.516666666015625 0.3328125 0.509259259765625 0.320833333984375 0.510185185546875 0.286458333984375 0.52592592578125 0.273958333984375 0.535185185546875 0.252083333984375 0.560185185546875 0.240625 0.57777777734375 0.2359375 0.593518517578125 0.235416666015625 0.6194444453125 0.2453125 0.64537037109375
2 0.2515625 0.514814814453125 0.265625 0.528703703125 0.2765625 0.5305555546875 0.291666666015625 0.52222222265625 0.341666666015625 0.47962962890625 0.3484375 0.463888888671875 0.3515625 0.4444444453125 0.346354166015625 0.42777777734375 0.334895833984375 0.4194444453125 0.288541666015625 0.425 0.258854166015625 0.45277777734375 0.247395833984375 0.47777777734375 0.2484375 0.507407408203125 0.2515625 0.514814814453125
2 0 0.725 0.028125 0.712037037109375 0.041145833984375 0.67777777734375 0.0359375 0.64537037109375 0.024479166015625 0.634259259765625 0.013541666015625 0.635185185546875 0 0.643518517578125 0 0.725
0 0.493229166015625 0.375 0.529166666015625 0.389814814453125 0.5671875 0.35 0.569791666015625 0.341666666015625 0.569791666015625 0.32407407421875 0.566666666015625 0.312962962890625 0.555729166015625 0.30462962890625 0.540104166015625 0.2981481484375 0.528645833984375 0.29907407421875 0.521875 0.30277777734375 0.490104166015625 0.3444444453125 0.489583333984375 0.362037037109375 0.493229166015625 0.375
1 0.492708333984375 0.296296296875 0.503125 0.30092592578125 0.522395833984375 0.30092592578125 0.553645833984375 0.278703703125 0.555208333984375 0.263888888671875 0.553125 0.25462962890625 0.5421875 0.24722222265625 0.520833333984375 0.242592591796875 0.508333333984375 0.25 0.4921875 0.2731481484375 0.490104166015625 0.287037037109375 0.492708333984375 0.296296296875
1 0.6453125 0.237962962890625 0.669791666015625 0.246296296875 0.683854166015625 0.231481482421875 0.685416666015625 0.216666666015625 0.675 0.20462962890625 0.6578125 0.20092592578125 0.649479166015625 0.207407408203125 0.6421875 0.22222222265625 0.641666666015625 0.234259259765625 0.6453125 0.237962962890625
1 0.730729166015625 0.17962962890625 0.7375 0.178703703125 0.742708333984375 0.168518517578125 0.738541666015625 0.1555555546875 0.732291666015625 0.15092592578125 0.723958333984375 0.15092592578125 0.717708333984375 0.158333333984375 0.71875 0.171296296875 0.730729166015625 0.17962962890625
1 0.778125 0.1268518515625 0.774479166015625 0.112037037109375 0.769791666015625 0.113888888671875 0.7703125 0.12962962890625 0.778125 0.1268518515625
0 0.672395833984375 0.1805555546875 0.684895833984375 0.17037037109375 0.686979166015625 0.1555555546875 0.678645833984375 0.1444444453125 0.664583333984375 0.140740740234375 0.6515625 0.159259259765625 0.652083333984375 0.17407407421875 0.672395833984375 0.1805555546875
0 0.784375 0.091666666015625 0.783333333984375 0.07777777734375 0.776041666015625 0.0768518515625 0.7734375 0.0805555546875 0.774479166015625 0.088888888671875 0.784375 0.091666666015625
2 0.806770833984375 0.09907407421875 0.8046875 0.088888888671875 0.797916666015625 0.090740740234375 0.7984375 0.09907407421875 0.806770833984375 0.09907407421875
1 0.539583333984375 0.1055555546875 0.552083333984375 0.106481482421875 0.558333333984375 0.103703703125 0.5609375 0.092592591796875 0.546875 0.087962962890625 0.5359375 0.0981481484375 0.535416666015625 0.1018518515625 0.539583333984375 0.1055555546875
2 0.692708333984375 0.07962962890625 0.694791666015625 0.075 0.6921875 0.062962962890625 0.6828125 0.067592591796875 0.681770833984375 0.07777777734375 0.692708333984375 0.07962962890625
2 0.702083333984375 0.062037037109375 0.710416666015625 0.056481482421875 0.706770833984375 0.0481481484375 0.7 0.05277777734375 0.699479166015625 0.058333333984375 0.702083333984375 0.062037037109375
2 0.738020833984375 0.064814814453125 0.7375 0.056481482421875 0.734375 0.05277777734375 0.728125 0.057407408203125 0.728645833984375 0.064814814453125 0.738020833984375 0.064814814453125
2 0.791666666015625 0.078703703125 0.802083333984375 0.078703703125 0.800520833984375 0.0694444453125 0.792708333984375 0.071296296875 0.790625 0.07407407421875 0.791666666015625 0.078703703125
0 0.11875 0.263888888671875 0.122916666015625 0.27037037109375 0.1296875 0.275 0.134375 0.27407407421875 0.146354166015625 0.246296296875 0.1453125 0.241666666015625 0.140104166015625 0.232407408203125 0.133854166015625 0.2268518515625 0.125 0.22962962890625 0.120833333984375 0.233333333984375 0.1171875 0.241666666015625 0.116666666015625 0.25277777734375 0.11875 0.263888888671875
0 0.140104166015625 0.285185185546875 0.153645833984375 0.29722222265625 0.175 0.27777777734375 0.172395833984375 0.262037037109375 0.168229166015625 0.25462962890625 0.156770833984375 0.2444444453125 0.15 0.2444444453125 0.147395833984375 0.246296296875 0.139583333984375 0.258333333984375 0.1375 0.267592591796875 0.136979166015625 0.27222222265625 0.140104166015625 0.285185185546875
0 0.1796875 0.257407408203125 0.191145833984375 0.264814814453125 0.195833333984375 0.264814814453125 0.206770833984375 0.257407408203125 0.213541666015625 0.25092592578125 0.214583333984375 0.2481481484375 0.213541666015625 0.239814814453125 0.206770833984375 0.22592592578125 0.195833333984375 0.216666666015625 0.182291666015625 0.2231481484375 0.177604166015625 0.243518517578125 0.177083333984375 0.25092592578125 0.1796875 0.257407408203125
0 0.095833333984375 0.210185185546875 0.113020833984375 0.22037037109375 0.115625 0.22037037109375 0.120833333984375 0.217592591796875 0.122916666015625 0.215740740234375 0.124479166015625 0.211111111328125 0.123958333984375 0.2018518515625 0.114583333984375 0.1944444453125 0.1078125 0.19537037109375 0.0953125 0.20462962890625 0.094791666015625 0.208333333984375 0.095833333984375 0.210185185546875
0 0.127083333984375 0.225 0.140104166015625 0.231481482421875 0.15 0.225 0.1515625 0.22222222265625 0.153125 0.215740740234375 0.152604166015625 0.208333333984375 0.149479166015625 0.20277777734375 0.14375 0.19722222265625 0.136979166015625 0.1944444453125 0.130208333984375 0.1944444453125 0.125520833984375 0.19907407421875 0.125 0.2018518515625 0.124479166015625 0.216666666015625 0.127083333984375 0.225
2 0.150520833984375 0.234259259765625 0.152604166015625 0.239814814453125 0.164583333984375 0.25 0.169270833984375 0.25 0.173958333984375 0.246296296875 0.176041666015625 0.242592591796875 0.180208333984375 0.2231481484375 0.173958333984375 0.212037037109375 0.16875 0.208333333984375 0.161979166015625 0.208333333984375 0.156770833984375 0.211111111328125 0.153645833984375 0.215740740234375 0.150520833984375 0.2305555546875 0.150520833984375 0.234259259765625
2 0.0984375 0.237962962890625 0.102604166015625 0.25277777734375 0.105208333984375 0.25462962890625 0.115104166015625 0.24907407421875 0.11875 0.237037037109375 0.11875 0.231481482421875 0.1171875 0.2268518515625 0.115104166015625 0.2231481484375 0.111979166015625 0.221296296875 0.10625 0.221296296875 0.102604166015625 0.2231481484375 0.099479166015625 0.22962962890625 0.0984375 0.234259259765625 0.0984375 0.237962962890625
2 0.082291666015625 0.233333333984375 0.084375 0.241666666015625 0.085416666015625 0.242592591796875 0.093229166015625 0.242592591796875 0.096354166015625 0.240740740234375 0.099479166015625 0.233333333984375 0.101041666015625 0.22407407421875 0.101041666015625 0.22222222265625 0.0953125 0.212962962890625 0.091666666015625 0.212962962890625 0.0875 0.215740740234375 0.083333333984375 0.22037037109375 0.082291666015625 0.2231481484375 0.081770833984375 0.22592592578125 0.082291666015625 0.233333333984375
2 0.146875 0.1944444453125 0.152083333984375 0.1981481484375 0.1578125 0.1981481484375 0.1609375 0.19722222265625 0.165104166015625 0.191666666015625 0.167708333984375 0.186111111328125 0.167708333984375 0.181481482421875 0.166145833984375 0.178703703125 0.163020833984375 0.1768518515625 0.155208333984375 0.1768518515625 0.148958333984375 0.1805555546875 0.145833333984375 0.185185185546875 0.1453125 0.189814814453125 0.146875 0.1944444453125
0 0.170833333984375 0.15 0.171354166015625 0.15092592578125 0.175520833984375 0.1518518515625 0.192708333984375 0.143518517578125 0.194270833984375 0.140740740234375 0.194270833984375 0.137962962890625 0.192708333984375 0.136111111328125 0.186979166015625 0.133333333984375 0.178645833984375 0.134259259765625 0.171354166015625 0.143518517578125 0.1703125 0.14722222265625 0.170833333984375 0.15
2 0.1078125 0.314814814453125 0.116145833984375 0.32592592578125 0.133854166015625 0.313888888671875 0.1390625 0.303703703125 0.138541666015625 0.30092592578125 0.130208333984375 0.287037037109375 0.127083333984375 0.282407408203125 0.122916666015625 0.27962962890625 0.119270833984375 0.278703703125 0.1140625 0.2805555546875 0.108854166015625 0.287037037109375 0.106770833984375 0.292592591796875 0.10625 0.303703703125 0.1078125 0.314814814453125