0 0.636458333984375 0.6018518515625 0.738541666015625 0.693518517578125 0.776041666015625 0.690740740234375 0.789583333984375 0.661111111328125 0.796354166015625 0.637037037109375 0.798958333984375 0.612962962890625 0.796875 0.60462962890625 0.746354166015625 0.543518517578125 0.710416666015625 0.516666666015625 0.653125 0.507407408203125 0.6390625 0.52037037109375 0.628645833984375 0.55092592578125 0.627604166015625 0.57037037109375 0.636458333984375 0.6018518515625
2 0.786979166015625 0.4805555546875 0.805208333984375 0.485185185546875 0.834895833984375 0.4805555546875 0.839583333984375 0.4694444453125 0.841666666015625 0.4481481484375 0.838020833984375 0.436111111328125 0.821354166015625 0.42962962890625 0.7921875 0.42777777734375 0.7828125 0.434259259765625 0.778125 0.453703703125 0.777604166015625 0.464814814453125 0.786979166015625 0.4805555546875
2 0.847395833984375 0.52037037109375 0.853125 0.518518517578125 0.861979166015625 0.50092592578125 0.8625 0.47592592578125 0.855729166015625 0.45462962890625 0.85 0.459259259765625 0.846875 0.493518517578125 0.8453125 0.518518517578125 0.847395833984375 0.52037037109375
2 0.7546875 0.566666666015625 0.814583333984375 0.62962962890625 0.819270833984375 0.62962962890625 0.83125 0.6018518515625 0.831770833984375 0.54722222265625 0.827604166015625 0.52962962890625 0.8046875 0.50462962890625 0.758333333984375 0.496296296875 0.745833333984375 0.506481482421875 0.739583333984375 0.52222222265625 0.7375 0.533333333984375 0.7546875 0.566666666015625
2 0.838020833984375 0.6194444453125 0.8453125 0.612962962890625 0.8515625 0.59907407421875 0.85625 0.57407407421875 0.853645833984375 0.55462962890625 0.8453125 0.540740740234375 0.841666666015625 0.546296296875 0.8359375 0.6055555546875 0.835416666015625 0.615740740234375 0.838020833984375 0.6194444453125
2 0.265625 0.3018518515625 0.303125 0.27777777734375 0.314583333984375 0.257407408203125 0.315104166015625 0.236111111328125 0.300520833984375 0.22222222265625 0.284375 0.22592592578125 0.265104166015625 0.239814814453125 0.241145833984375 0.27222222265625 0.243229166015625 0.292592591796875 0.265625 0.3018518515625
2 0.41875 0.20092592578125 0.444270833984375 0.185185185546875 0.446875 0.17222222265625 0.4421875 0.156481482421875 0.435416666015625 0.153703703125 0.4171875 0.161111111328125 0.4 0.182407408203125 0.400520833984375 0.19722222265625 0.41875 0.20092592578125
2 0.384895833984375 0.17222222265625 0.411458333984375 0.162962962890625 0.415104166015625 0.15 0.411458333984375 0.137037037109375 0.4015625 0.136111111328125 0.389583333984375 0.140740740234375 0.372916666015625 0.157407408203125 0.3734375 0.171296296875 0.384895833984375 0.17222222265625
2 0.475520833984375 0.1444444453125 0.4921875 0.14537037109375 0.509375 0.136111111328125 0.513020833984375 0.12962962890625 0.5125 0.1194444453125 0.505729166015625 0.110185185546875 0.492708333984375 0.112962962890625 0.479166666015625 0.121296296875 0.471354166015625 0.135185185546875 0.471354166015625 0.140740740234375 0.475520833984375 0.1444444453125
2 0.205208333984375 0.20462962890625 0.222395833984375 0.19537037109375 0.223200521484375 0.18777777734375 0.2140625 0.17592592578125 0.1984375 0.178703703125 0.190625 0.187962962890625 0.191666666015625 0.20277777734375 0.205208333984375 0.20462962890625
2 0.0765625 0.192592591796875 0.085520833984375 0.182892591796875 0.083478646484375 0.1755981484375 0.073273958984375 0.177991666015625 0.064583333984375 0.187962962890625 0.0640625 0.19537037109375 0.0765625 0.192592591796875
2 0.0515625 0.2305555546875 0.0609375 0.22222222265625 0.05913125 0.212937037109375 0.047916666015625 0.209259259765625 0.041145833984375 0.216666666015625 0.0421875 0.22962962890625 0.0515625 0.2305555546875
2 0 0.99907407421875 0.0125 0.99907407421875 0.067708333984375 0.933333333984375 0.08125 0.889814814453125 0.081770833984375 0.878703703125 0.0734375 0.85277777734375 0.0578125 0.828703703125 0.040104166015625 0.8305555546875 0.0046875 0.85092592578125 0 0.85462962890625 0 0.99907407421875
1 0.532530208984375 0.106639814453125 0.550520833984375 0.10277777734375 0.557291666015625 0.09907407421875 0.5578125 0.091666666015625 0.552167708984375 0.08855 0.54375 0.087962962890625 0.531618228515625 0.099133333984375 0.5310234375 0.1048944453125 0.532530208984375 0.106639814453125
2 0.6953125 0.063888888671875 0.705208333984375 0.064814814453125 0.709895833984375 0.062037037109375 0.710416666015625 0.053703703125 0.701041666015625 0.04907407421875 0.693229166015625 0.057407408203125 0.6921875 0.060185185546875 0.6953125 0.063888888671875
2 0.651041666015625 0.07777777734375 0.659375 0.07777777734375 0.6640625 0.07222222265625 0.663541666015625 0.063888888671875 0.659895833984375 0.060185185546875 0.651041666015625 0.061111111328125 0.6484375 0.065740740234375 0.647395833984375 0.07407407421875 0.651041666015625 0.07777777734375
1 0.733854166015625 0.05462962890625 0.7421875 0.05277777734375 0.741145833984375 0.046296296875 0.734375 0.046296296875 0.732291666015625 0.05 0.733854166015625 0.05462962890625
2 0.7546875 0.0518518515625 0.761458333984375 0.04907407421875 0.759895833984375 0.041666666015625 0.7546875 0.040740740234375 0.7507015625 0.047163888671875 0.7546875 0.0518518515625
2 0.0046875 0.237037037109375 0.008333333984375 0.237962962890625 0.019270833984375 0.2305555546875 0.0196375 0.2274944453125 0.019328646484375 0.2245555546875 0.017593228515625 0.221467591796875 0.0109375 0.218518517578125 0.0046875 0.221296296875 0.003125 0.22407407421875 0.002604166015625 0.234259259765625 0.0046875 0.237037037109375